line number,total connectivity in output,total connectivity in gt intersect output,precision
1,84,81,0.964285702806,
2,103,78,0.757281546046,
3,85,60,0.705882344637,
4,77,73,0.94805193574,
5,2,2,0.9999995,
6,130,71,0.546153841953,
7,130,22,0.169230767929,
8,130,37,0.284615382426,
9,43,41,0.953488349919,
10,10,9,0.89999991,
11,31,23,0.741935459938,
12,9,9,0.999999888889,
13,17,12,0.705882311419,
14,4,4,0.99999975,
15,30,30,0.999999966667,
16,2,2,0.9999995,
17,41,19,0.463414622844,
18,3,2,0.666666444445,
19,0,0,0.0,
20,57,12,0.210526312096,
21,40,0,0.0,
22,59,18,0.305084740592,
23,14,14,0.999999928571,
24,40,16,0.39999999,
25,19,17,0.894736795014,
26,45,18,0.399999991111,
27,39,11,0.282051274819,
28,8,8,0.999999875,
29,58,0,0.0,
30,9,9,0.999999888889,
31,41,18,0.439024379536,
32,56,31,0.553571418686,
33,22,19,0.86363632438,
34,17,7,0.411764681661,
35,34,30,0.882352915225,
36,10,3,0.29999997,
37,21,15,0.714285680272,
38,17,6,0.352941155709,
39,9,1,0.111111098765,
40,17,2,0.117647051903,
41,25,24,0.9599999616,
42,10,6,0.59999994,
43,5,5,0.9999998,
44,7,6,0.857142734694,
45,9,7,0.777777691358,
46,9,6,0.666666592593,
47,6,5,0.833333194444,
48,31,24,0.774193523413,
49,7,7,0.999999857143,
50,41,26,0.634146325996,
51,6,5,0.833333194444,
52,5,3,0.59999988,
53,0,0,0.0,
54,9,0,0.0,
55,4,0,0.0,
56,7,7,0.999999857143,
57,5,0,0.0,
58,9,6,0.666666592593,
59,26,25,0.961538424556,
60,15,6,0.399999973333,
61,3,3,0.999999666667,
62,31,25,0.806451586889,
63,5,3,0.59999988,
64,9,4,0.444444395062,
65,28,28,0.999999964286,
66,20,4,0.19999999,
67,4,0,0.0,
68,17,17,0.999999941176,
69,27,25,0.925925891632,
70,50,21,0.4199999916,
71,43,29,0.674418588967,
72,11,9,0.818181743802,
73,24,21,0.874999963542,
74,38,19,0.499999986842,
75,23,23,0.999999956522,
76,27,19,0.703703677641,
77,28,25,0.892857110969,
78,2,2,0.9999995,
79,5,2,0.39999992,
80,4,3,0.7499998125,
81,71,71,0.999999985915,
82,73,70,0.958904096453,
83,63,63,0.999999984127,
84,61,60,0.983606541252,
85,76,75,0.986842092278,
86,64,64,0.999999984375,
87,49,43,0.877551002499,
88,56,55,0.982142839605,
Average precision= 0.663755071998