line number,total connectivity in output,total connectivity in gt intersect output,precision
1,2,2,0.9999995,
2,36,20,0.555555540123,
3,21,17,0.809523770975,
4,9,8,0.888888790123,
5,15,15,0.999999933333,
6,0,0,0.0,
7,26,19,0.730769202663,
8,12,11,0.916666590278,
9,87,25,0.287356318536,
10,21,21,0.999999952381,
11,40,22,0.54999998625,
12,100,31,0.3099999969,
13,58,25,0.431034475327,
14,21,20,0.952380907029,
15,83,20,0.240963852519,
16,30,25,0.833333305556,
17,16,3,0.187499988281,
18,30,27,0.89999997,
19,3,2,0.666666444445,
20,30,29,0.966666634444,
21,39,36,0.923076899408,
22,14,14,0.999999928571,
23,14,14,0.999999928571,
24,19,16,0.842105218837,
25,4,1,0.2499999375,
26,22,22,0.999999954545,
27,37,21,0.567567552228,
28,55,13,0.236363632066,
29,25,23,0.9199999632,
30,11,0,0.0,
31,28,19,0.678571404337,
32,57,29,0.508771920899,
33,14,10,0.714285663265,
34,6,5,0.833333194444,
35,50,23,0.4599999908,
36,26,8,0.307692295858,
37,4,4,0.99999975,
38,29,25,0.862068935791,
39,0,0,0.0,
40,31,31,0.999999967742,
41,0,0,0.0,
42,14,2,0.142857132653,
43,23,18,0.782608661626,
44,9,9,0.999999888889,
45,33,6,0.181818176309,
46,5,5,0.9999998,
47,33,5,0.151515146924,
48,4,4,0.99999975,
49,33,4,0.121212117539,
50,33,13,0.393939382002,
51,16,5,0.312499980469,
52,89,27,0.303370783108,
53,59,10,0.169491522551,
54,16,9,0.562499964844,
55,20,5,0.2499999875,
56,59,15,0.254237283826,
57,59,27,0.457627110888,
58,20,14,0.699999965,
59,13,13,0.999999923077,
60,21,19,0.904761861678,
61,13,13,0.999999923077,
62,17,12,0.705882311419,
63,4,1,0.2499999375,
64,8,6,0.74999990625,
65,14,14,0.999999928571,
66,35,28,0.799999977143,
67,16,16,0.9999999375,
68,20,20,0.99999995,
69,8,8,0.999999875,
70,22,22,0.999999954545,
71,7,6,0.857142734694,
72,26,24,0.923076887574,
73,13,13,0.999999923077,
74,30,29,0.966666634444,
75,5,4,0.79999984,
76,21,21,0.999999952381,
77,8,8,0.999999875,
Average precision= 0.663277237458