line number,total connectivity in output,total connectivity in gt intersect output,precision
1,14,10,0.714285663265,
2,29,25,0.862068935791,
3,44,26,0.590909077479,
4,46,22,0.478260859168,
5,43,25,0.581395335316,
6,13,12,0.923076852071,
7,19,16,0.842105218837,
8,7,7,0.999999857143,
9,16,14,0.874999945313,
10,15,12,0.799999946667,
11,24,24,0.999999958333,
12,21,20,0.952380907029,
13,18,17,0.944444391975,
14,34,22,0.647058804498,
15,7,4,0.571428489796,
16,27,1,0.0370370356653,
17,27,26,0.962962927298,
18,22,21,0.954545411157,
19,17,17,0.999999941176,
20,11,10,0.909090826446,
21,12,1,0.0833333263889,
22,32,19,0.593749981445,
23,18,2,0.111111104938,
24,31,25,0.806451586889,
25,31,2,0.0645161269511,
26,34,23,0.676470568339,
27,24,3,0.124999994792,
28,0,0,0.0,
29,47,30,0.63829785876,
30,37,3,0.0810810788897,
31,26,6,0.230769221893,
32,26,18,0.69230766568,
33,0,0,0.0,
34,34,27,0.794117623702,
35,34,2,0.0588235276817,
36,24,9,0.374999984375,
37,13,11,0.846153781065,
38,9,9,0.999999888889,
39,23,10,0.434782589792,
40,29,28,0.965517208086,
41,23,21,0.913043438563,
42,19,17,0.894736795014,
43,28,26,0.928571395408,
44,4,4,0.99999975,
45,39,21,0.538461524655,
46,22,22,0.999999954545,
47,21,19,0.904761861678,
48,36,30,0.833333310185,
49,4,0,0.0,
50,13,11,0.846153781065,
51,36,26,0.72222220216,
Average precision= 0.643231716005