line number,total connectivity in output,total connectivity in gt intersect output,precision
1,106,106,0.999999990566,
2,32,32,0.99999996875,
3,96,77,0.802083324978,
4,18,5,0.277777762346,
5,90,85,0.944444433951,
6,96,94,0.979166656467,
7,91,89,0.978021967274,
8,18,12,0.66666662963,
9,97,92,0.94845359847,
10,75,1,0.0133333331556,
11,103,21,0.203883493166,
12,30,29,0.966666634444,
13,16,0,0.0,
14,16,14,0.874999945313,
15,19,13,0.684210490305,
16,3,1,0.333333222222,
17,22,20,0.909090867769,
18,5,2,0.39999992,
19,21,20,0.952380907029,
20,38,23,0.605263141967,
21,52,33,0.634615372411,
22,28,19,0.678571404337,
23,25,0,0.0,
24,25,22,0.8799999648,
25,45,11,0.244444439012,
26,49,5,0.102040814244,
27,8,7,0.874999890625,
28,37,10,0.270270262966,
29,37,23,0.621621604821,
30,29,0,0.0,
31,34,4,0.117647055363,
32,29,1,0.0344827574316,
33,41,30,0.731707299227,
34,5,0,0.0,
35,46,20,0.434782599244,
36,4,4,0.99999975,
37,0,0,0.0,
38,23,21,0.913043438563,
39,1,1,0.999999000001,
40,10,1,0.09999999,
41,5,2,0.39999992,
42,42,30,0.714285697279,
43,0,0,0.0,
44,47,29,0.617021263468,
45,37,6,0.162162157779,
46,17,2,0.117647051903,
47,29,9,0.310344816885,
48,0,0,0.0,
49,75,20,0.266666663111,
50,5,0,0.0,
51,3,1,0.333333222222,
52,5,0,0.0,
53,49,22,0.448979582674,
54,5,0,0.0,
55,0,0,0.0,
56,5,0,0.0,
57,37,19,0.513513499635,
58,5,0,0.0,
59,6,1,0.166666638889,
60,26,19,0.730769202663,
61,0,0,0.0,
62,6,3,0.499999916667,
63,27,0,0.0,
64,28,24,0.857142826531,
65,27,0,0.0,
66,27,0,0.0,
67,26,16,0.615384591716,
68,33,23,0.696969675849,
69,142,73,0.514084503422,
70,82,57,0.695121942742,
71,78,69,0.884615373274,
72,20,16,0.79999996,
73,36,18,0.499999986111,
74,53,22,0.415094331791,
75,20,14,0.699999965,
76,99,12,0.121212119988,
Average precision= 0.450776537374