line number,total connectivity in output,total connectivity in gt intersect output,precision
1,28,21,0.749999973214,
2,74,1,0.0135135133309,
3,29,4,0.137931029727,
4,25,23,0.9199999632,
5,21,8,0.380952362812,
6,6,3,0.499999916667,
7,5,4,0.79999984,
8,8,8,0.999999875,
9,5,4,0.79999984,
10,4,4,0.99999975,
11,9,8,0.888888790123,
12,0,0,0.0,
13,8,7,0.874999890625,
14,4,4,0.99999975,
15,9,9,0.999999888889,
16,36,24,0.666666648148,
17,21,0,0.0,
18,21,17,0.809523770975,
19,5,3,0.59999988,
20,25,19,0.7599999696,
21,1,1,0.999999000001,
22,25,0,0.0,
23,36,5,0.138888885031,
24,14,3,0.21428569898,
25,27,20,0.740740713306,
26,14,3,0.21428569898,
27,21,20,0.952380907029,
28,31,3,0.0967741904266,
29,6,2,0.333333277778,
30,31,25,0.806451586889,
31,31,6,0.193548380853,
32,31,21,0.677419332986,
33,24,21,0.874999963542,
34,6,3,0.499999916667,
35,14,2,0.142857132653,
36,27,7,0.259259249657,
37,27,17,0.62962960631,
38,12,11,0.916666590278,
39,37,18,0.486486473338,
40,37,12,0.324324315559,
41,32,19,0.593749981445,
42,64,12,0.18749999707,
43,35,17,0.485714271837,
44,32,12,0.374999988281,
45,32,13,0.406249987305,
46,35,16,0.457142844082,
47,30,3,0.0999999966667,
48,33,1,0.0303030293848,
49,30,2,0.0666666644444,
50,33,23,0.696969675849,
51,32,2,0.0624999980469,
52,50,1,0.0199999996,
53,33,0,0.0,
54,30,23,0.766666641111,
55,30,2,0.0666666644444,
56,20,2,0.099999995,
57,32,5,0.156249995117,
58,20,4,0.19999999,
59,30,22,0.733333308889,
60,20,11,0.5499999725,
61,32,20,0.624999980469,
62,9,8,0.888888790123,
63,51,31,0.607843125336,
64,47,17,0.361702119964,
65,178,16,0.0898876399445,
66,157,21,0.133757960931,
67,45,22,0.488888878025,
68,13,13,0.999999923077,
69,39,18,0.461538449704,
70,17,10,0.588235259516,
71,3,3,0.999999666667,
72,38,19,0.499999986842,
73,38,17,0.44736840928,
74,38,19,0.499999986842,
75,38,15,0.394736831717,
76,42,22,0.523809511338,
77,42,17,0.404761895125,
78,17,13,0.76470583737,
79,25,20,0.799999968,
80,34,12,0.35294116609,
81,104,24,0.23076922855,
82,104,6,0.0576923071376,
83,104,20,0.192307690459,
84,114,7,0.0614035082333,
85,11,11,0.999999909091,
86,6,5,0.833333194444,
87,10,8,0.79999992,
88,7,6,0.857142734694,
89,0,0,0.0,
90,0,0,0.0,
91,20,10,0.499999975,
92,104,14,0.134615383321,
93,9,7,0.777777691358,
94,11,10,0.909090826446,
95,9,7,0.777777691358,
96,11,10,0.909090826446,
97,10,8,0.79999992,
98,117,5,0.0427350423698,
99,13,6,0.461538426036,
Average precision= 0.492311699343