line number,total connectivity in output,total connectivity in gt intersect output,precision
1,59,59,0.999999983051,
2,61,60,0.983606541252,
3,65,65,0.999999984615,
4,63,63,0.999999984127,
5,61,60,0.983606541252,
6,63,62,0.984126968506,
7,56,56,0.999999982143,
8,72,71,0.986111097415,
9,43,23,0.534883708491,
10,43,16,0.372093014602,
11,50,33,0.6599999868,
12,50,12,0.2399999952,
13,17,17,0.999999941176,
14,52,27,0.519230759246,
15,52,22,0.423076914941,
16,36,16,0.444444432099,
17,23,17,0.739130402647,
18,16,16,0.9999999375,
19,51,17,0.333333326797,
20,36,17,0.472222209105,
21,41,19,0.463414622844,
22,44,13,0.29545453874,
23,0,0,0.0,
24,18,15,0.833333287037,
25,0,0,0.0,
26,0,0,0.0,
27,45,21,0.466666656296,
28,45,0,0.0,
29,45,15,0.333333325926,
30,45,2,0.0444444434568,
31,47,1,0.021276595292,
32,47,22,0.468085096424,
33,47,3,0.063829785876,
34,47,18,0.382978715256,
35,23,16,0.695652143667,
36,41,21,0.512195109459,
37,42,14,0.333333325397,
38,42,25,0.595238081066,
39,53,17,0.320754710929,
40,64,23,0.359374994385,
41,53,15,0.283018862585,
42,42,24,0.571428557823,
43,36,15,0.416666655093,
44,27,17,0.62962960631,
45,39,5,0.128205124918,
46,7,7,0.999999857143,
47,43,8,0.186046507301,
48,18,8,0.444444419753,
49,18,9,0.499999972222,
50,82,31,0.378048775877,
51,0,0,0.0,
52,32,6,0.187499994141,
53,32,13,0.406249987305,
54,13,2,0.153846142012,
55,13,13,0.999999923077,
56,43,28,0.651162775554,
57,13,10,0.769230710059,
58,56,3,0.0535714276148,
59,56,14,0.249999995536,
60,48,1,0.0208333328993,
61,49,17,0.34693876843,
62,48,16,0.333333326389,
63,48,1,0.0208333328993,
64,0,0,0.0,
65,21,17,0.809523770975,
66,0,0,0.0,
67,0,0,0.0,
68,56,23,0.41071427838,
69,6,6,0.999999833333,
70,17,17,0.999999941176,
71,17,0,0.0,
72,56,8,0.142857140306,
73,4,4,0.99999975,
74,48,25,0.520833322483,
75,0,0,0.0,
76,5,4,0.79999984,
77,12,12,0.999999916667,
78,18,13,0.722222182099,
79,20,20,0.99999995,
80,11,11,0.999999909091,
81,22,19,0.86363632438,
82,15,15,0.999999933333,
83,51,25,0.49019606882,
84,21,16,0.761904725624,
85,16,16,0.9999999375,
86,51,21,0.411764697809,
87,51,19,0.372549012303,
88,22,12,0.545454520661,
89,10,1,0.09999999,
90,3,0,0.0,
91,3,0,0.0,
92,28,28,0.999999964286,
93,22,1,0.0454545433884,
94,3,1,0.333333222222,
95,22,3,0.136363630165,
96,17,2,0.117647051903,
97,22,5,0.227272716942,
98,55,6,0.109090907107,
99,39,20,0.512820499671,
100,55,6,0.109090907107,
101,55,1,0.0181818178512,
102,0,0,0.0,
103,55,2,0.0363636357025,
104,0,0,0.0,
105,55,4,0.072727271405,
106,15,9,0.59999996,
107,15,1,0.0666666622222,
108,55,21,0.381818174876,
109,15,2,0.133333324444,
110,8,7,0.874999890625,
111,10,0,0.0,
112,33,1,0.0303030293848,
113,43,23,0.534883708491,
114,33,7,0.212121205693,
115,31,0,0.0,
116,10,0,0.0,
117,10,0,0.0,
118,10,2,0.19999998,
119,0,0,0.0,
120,31,17,0.548387079084,
121,31,3,0.0967741904266,
122,61,56,0.918032771836,
123,57,25,0.438596483533,
124,57,25,0.438596483533,
125,57,6,0.105263156048,
126,57,55,0.964912263773,
127,53,46,0.867924511926,
128,55,49,0.890909074711,
129,55,2,0.0363636357025,
130,0,0,0.0,
131,65,61,0.938461524024,
132,65,2,0.0307692302959,
133,3,2,0.666666444445,
134,5,5,0.9999998,
135,0,0,0.0,
136,4,4,0.99999975,
137,0,0,0.0,
138,2,2,0.9999995,
139,23,23,0.999999956522,
140,5,5,0.9999998,
141,0,0,0.0,
142,37,34,0.918918894083,
143,0,0,0.0,
144,0,0,0.0,
Average precision= 0.438617506224