line number,total connectivity in output,total connectivity in gt intersect output,precision
1,53,52,0.98113205696,
2,99,81,0.818181809917,
3,82,74,0.902439013385,
4,92,67,0.728260861649,
5,94,64,0.680851056587,
6,74,72,0.972972959825,
7,20,15,0.7499999625,
8,27,0,0.0,
9,27,17,0.62962960631,
10,25,25,0.99999996,
11,48,15,0.31249999349,
12,25,24,0.9599999616,
13,55,24,0.43636362843,
14,24,23,0.958333293403,
15,0,0,0.0,
16,22,16,0.727272694215,
17,0,0,0.0,
18,0,0,0.0,
19,40,27,0.674999983125,
20,22,15,0.681818150826,
21,3,2,0.666666444445,
22,21,16,0.761904725624,
23,0,0,0.0,
24,14,2,0.142857132653,
25,14,1,0.0714285663265,
26,10,9,0.89999991,
27,7,7,0.999999857143,
28,29,25,0.862068935791,
29,8,6,0.74999990625,
30,14,6,0.428571397959,
31,9,8,0.888888790123,
32,99,14,0.141414139986,
33,53,24,0.452830180135,
34,10,9,0.89999991,
35,27,24,0.888888855967,
36,94,14,0.148936168628,
37,22,20,0.909090867769,
38,25,22,0.8799999648,
39,25,21,0.8399999664,
40,13,6,0.461538426036,
41,4,4,0.99999975,
42,0,0,0.0,
43,38,21,0.552631564404,
44,28,19,0.678571404337,
45,28,1,0.0357142844388,
46,8,3,0.374999953125,
47,22,14,0.636363607438,
48,25,4,0.1599999936,
49,0,0,0.0,
50,25,18,0.7199999712,
51,25,20,0.799999968,
52,19,13,0.684210490305,
53,24,22,0.916666628472,
54,26,23,0.884615350592,
55,32,25,0.781249975586,
56,24,22,0.916666628472,
57,0,0,0.0,
58,25,20,0.799999968,
59,17,15,0.882352889273,
60,61,59,0.967213098898,
61,61,56,0.918032771836,
62,112,47,0.419642853396,
63,53,45,0.849056587754,
64,9,1,0.111111098765,
65,9,0,0.0,
66,9,0,0.0,
67,9,1,0.111111098765,
68,9,2,0.222222197531,
69,0,0,0.0,
70,4,2,0.499999875,
71,4,1,0.2499999375,
Average precision= 0.55608832514