line number,total connectivity in output,total connectivity in gt intersect output,precision
1,15,15,0.999999933333,
2,21,21,0.999999952381,
3,45,26,0.577777764938,
4,45,18,0.399999991111,
5,47,27,0.574468072884,
6,11,10,0.909090826446,
7,58,0,0.0,
8,35,26,0.742857121633,
9,47,0,0.0,
10,47,12,0.255319143504,
11,9,9,0.999999888889,
12,24,24,0.999999958333,
13,10,9,0.89999991,
14,12,12,0.999999916667,
15,18,18,0.999999944444,
16,12,12,0.999999916667,
17,0,0,0.0,
18,18,17,0.944444391975,
19,3,3,0.999999666667,
20,7,7,0.999999857143,
21,29,24,0.827586178359,
22,12,12,0.999999916667,
23,14,11,0.785714229592,
24,33,26,0.787878764004,
25,33,6,0.181818176309,
26,34,4,0.117647055363,
27,12,8,0.666666611111,
28,34,18,0.529411749135,
29,14,14,0.999999928571,
30,51,14,0.274509798539,
31,39,25,0.641025624589,
32,47,6,0.127659571752,
33,35,21,0.599999982857,
34,24,11,0.458333314236,
35,46,11,0.239130429584,
36,41,26,0.634146325996,
37,41,12,0.292682919691,
38,16,11,0.687499957031,
39,26,23,0.884615350592,
40,7,4,0.571428489796,
41,0,0,0.0,
42,14,14,0.999999928571,
43,30,25,0.833333305556,
44,18,13,0.722222182099,
45,18,3,0.166666657407,
46,8,8,0.999999875,
47,32,25,0.781249975586,
48,80,33,0.412499994844,
49,7,7,0.999999857143,
50,42,23,0.54761903458,
51,42,17,0.404761895125,
52,34,11,0.323529402249,
53,5,5,0.9999998,
54,0,0,0.0,
55,52,18,0.346153839497,
56,31,29,0.935483840791,
57,48,11,0.229166661892,
58,48,25,0.520833322483,
59,3,3,0.999999666667,
60,48,8,0.166666663194,
61,43,3,0.069767440238,
62,25,17,0.6799999728,
63,43,15,0.34883720119,
64,4,4,0.99999975,
65,4,4,0.99999975,
66,68,24,0.35294117128,
67,50,2,0.0399999992,
68,0,0,0.0,
69,17,0,0.0,
70,50,22,0.4399999912,
71,17,1,0.0588235259516,
72,50,16,0.3199999936,
73,17,14,0.823529363322,
74,50,7,0.1399999972,
75,39,28,0.71794869954,
76,39,10,0.256410249836,
77,40,12,0.2999999925,
78,59,23,0.389830501867,
79,0,0,0.0,
80,34,11,0.323529402249,
81,8,8,0.999999875,
82,49,26,0.530612234069,
83,6,6,0.999999833333,
84,26,1,0.0384615369822,
85,40,16,0.39999999,
86,26,24,0.923076887574,
87,0,0,0.0,
88,8,8,0.999999875,
89,24,19,0.791666633681,
90,0,0,0.0,
91,30,20,0.666666644444,
92,30,5,0.166666661111,
93,0,0,0.0,
94,34,21,0.617647040657,
95,5,5,0.9999998,
96,0,0,0.0,
97,21,12,0.571428544218,
98,8,6,0.74999990625,
99,0,0,0.0,
100,40,21,0.524999986875,
101,53,13,0.24528301424,
102,8,8,0.999999875,
103,9,8,0.888888790123,
104,7,7,0.999999857143,
105,1,1,0.999999000001,
Average precision= 0.555989614487