line number,total connectivity in output,total connectivity in gt intersect output,precision
1,57,55,0.964912263773,
2,47,46,0.978723383431,
3,23,23,0.999999956522,
4,0,0,0.0,
5,26,26,0.999999961538,
6,54,54,0.999999981481,
7,28,28,0.999999964286,
8,51,49,0.960784294887,
9,51,51,0.999999980392,
10,50,48,0.9599999808,
11,19,19,0.999999947368,
12,6,6,0.999999833333,
13,29,18,0.620689633769,
14,26,13,0.499999980769,
15,10,6,0.59999994,
16,0,0,0.0,
17,15,6,0.399999973333,
18,5,4,0.79999984,
19,47,28,0.595744668176,
20,10,1,0.09999999,
21,1,1,0.999999000001,
22,6,6,0.999999833333,
23,50,1,0.0199999996,
24,65,16,0.246153842367,
25,50,20,0.399999992,
26,50,15,0.299999994,
27,58,16,0.275862064209,
28,18,17,0.944444391975,
29,8,1,0.124999984375,
30,35,16,0.457142844082,
31,8,0,0.0,
32,0,0,0.0,
33,34,17,0.499999985294,
34,40,19,0.474999988125,
35,52,1,0.0192307688609,
36,4,0,0.0,
37,17,15,0.882352889273,
38,29,7,0.241379302021,
39,45,2,0.0444444434568,
40,29,13,0.448275846611,
41,73,19,0.260273969037,
42,8,4,0.4999999375,
43,46,19,0.413043469282,
44,38,2,0.0526315775623,
45,38,0,0.0,
46,14,13,0.928571362245,
47,38,1,0.0263157887812,
48,10,10,0.9999999,
49,38,1,0.0263157887812,
50,4,1,0.2499999375,
51,21,13,0.619047589569,
52,4,0,0.0,
53,0,0,0.0,
54,3,1,0.333333222222,
55,0,0,0.0,
56,30,17,0.566666647778,
57,26,13,0.499999980769,
58,3,0,0.0,
59,18,16,0.888888839506,
60,23,22,0.956521697543,
61,44,16,0.363636355372,
62,47,24,0.510638287008,
63,10,10,0.9999999,
64,26,4,0.153846147929,
65,26,7,0.269230758876,
66,36,17,0.472222209105,
67,18,13,0.722222182099,
68,9,9,0.999999888889,
69,25,20,0.799999968,
70,10,10,0.9999999,
71,22,18,0.818181780992,
72,11,11,0.999999909091,
73,0,0,0.0,
74,0,0,0.0,
75,2,1,0.49999975,
76,35,1,0.0285714277551,
77,52,28,0.538461528107,
78,78,61,0.782051272025,
79,35,9,0.257142849796,
80,64,64,0.999999984375,
81,57,14,0.245614030779,
82,9,7,0.777777691358,
83,66,65,0.984848469927,
84,69,69,0.999999985507,
85,71,70,0.985915479072,
86,66,63,0.954545440083,
87,17,17,0.999999941176,
Average precision= 0.532720156194