line number,total connectivity in output,total connectivity in gt intersect output,precision
1,63,3,0.0476190468632,
2,63,58,0.920634906022,
3,65,58,0.89230767858,
4,24,4,0.166666659722,
5,71,47,0.661971821662,
6,60,57,0.949999984167,
7,64,63,0.984374984619,
8,64,58,0.90624998584,
9,0,0,0.0,
10,0,0,0.0,
11,29,28,0.965517208086,
12,58,27,0.465517233353,
13,29,28,0.965517208086,
14,37,36,0.972972946676,
15,32,32,0.99999996875,
16,27,27,0.999999962963,
17,0,0,0.0,
18,58,26,0.44827585434,
19,28,27,0.964285679847,
20,18,18,0.999999944444,
21,26,24,0.923076887574,
22,23,22,0.956521697543,
23,27,27,0.999999962963,
24,22,20,0.909090867769,
25,20,20,0.99999995,
26,44,17,0.386363627583,
27,22,18,0.818181780992,
28,29,24,0.827586178359,
29,35,28,0.799999977143,
30,39,25,0.641025624589,
31,60,18,0.299999995,
32,32,27,0.843749973633,
33,32,3,0.0937499970703,
34,50,25,0.49999999,
35,21,1,0.0476190453515,
36,0,0,0.0,
37,12,11,0.916666590278,
38,44,19,0.431818172004,
39,18,0,0.0,
40,18,16,0.888888839506,
41,5,5,0.9999998,
42,66,18,0.272727268595,
43,24,14,0.583333309028,
44,12,9,0.7499999375,
45,37,9,0.243243236669,
46,0,0,0.0,
47,20,1,0.0499999975,
48,37,14,0.378378368152,
49,19,18,0.947368371191,
50,27,24,0.888888855967,
51,45,1,0.0222222217284,
52,45,29,0.644444430123,
53,45,12,0.266666660741,
54,30,12,0.399999986667,
55,44,29,0.659090894112,
56,17,17,0.999999941176,
57,38,15,0.394736831717,
58,38,21,0.552631564404,
59,28,20,0.714285688776,
60,16,6,0.374999976563,
61,37,11,0.297297289262,
62,37,23,0.621621604821,
63,18,18,0.999999944444,
64,43,20,0.465116268253,
65,40,12,0.2999999925,
66,43,18,0.418604641428,
67,36,13,0.36111110108,
68,17,17,0.999999941176,
69,51,25,0.49019606882,
70,20,18,0.899999955,
71,18,8,0.444444419753,
72,37,29,0.7837837626,
73,8,6,0.74999990625,
74,18,1,0.0555555524691,
75,58,15,0.258620685196,
76,8,6,0.74999990625,
77,8,1,0.124999984375,
78,17,17,0.999999941176,
79,78,77,0.987179474523,
80,65,64,0.984615369467,
81,68,66,0.970588221021,
82,130,59,0.453846150355,
83,61,59,0.967213098898,
84,66,59,0.893939380395,
85,131,63,0.480916026863,
86,19,19,0.999999947368,
Average precision= 0.61045251402