line number,total connectivity in output,total connectivity in gt intersect output,precision
1,0,0,0.0,
2,9,6,0.666666592593,
3,32,9,0.281249991211,
4,22,7,0.318181803719,
5,7,7,0.999999857143,
6,17,8,0.470588207612,
7,9,8,0.888888790123,
8,18,10,0.555555524691,
9,11,3,0.272727247934,
10,9,2,0.222222197531,
11,8,8,0.999999875,
12,21,2,0.0952380907029,
13,4,3,0.7499998125,
14,11,10,0.909090826446,
15,38,14,0.368421042936,
16,9,5,0.555555493827,
17,7,4,0.571428489796,
18,13,10,0.769230710059,
19,11,2,0.181818165289,
20,9,3,0.333333296296,
21,38,0,0.0,
22,30,12,0.399999986667,
23,31,10,0.322580634755,
24,31,27,0.87096771384,
25,7,3,0.428571367347,
26,32,18,0.562499982422,
27,33,13,0.393939382002,
28,38,20,0.526315775623,
29,69,1,0.0144927534131,
30,32,9,0.281249991211,
31,22,10,0.454545433884,
32,45,23,0.511111099753,
33,35,3,0.0857142832653,
34,31,18,0.58064514256,
35,10,7,0.69999993,
36,88,14,0.159090907283,
37,33,19,0.57575755831,
38,13,4,0.307692284024,
39,33,12,0.363636352617,
40,11,7,0.636363578512,
41,32,20,0.624999980469,
42,5,5,0.9999998,
43,43,21,0.488372081666,
44,41,15,0.365853649613,
45,17,0,0.0,
46,41,21,0.512195109459,
47,0,0,0.0,
48,3,2,0.666666444445,
49,23,22,0.956521697543,
50,5,5,0.9999998,
51,17,11,0.647058785467,
52,10,10,0.9999999,
53,20,18,0.899999955,
54,29,21,0.724137906064,
55,28,6,0.214285706633,
56,28,20,0.714285688776,
57,25,16,0.6399999744,
58,30,16,0.533333315556,
59,30,12,0.399999986667,
60,44,22,0.499999988636,
61,61,4,0.0655737694168,
62,44,10,0.227272722107,
63,69,3,0.0434782602394,
64,27,18,0.666666641975,
65,8,0,0.0,
66,8,3,0.374999953125,
67,39,13,0.333333324786,
68,50,2,0.0399999992,
69,9,7,0.777777691358,
70,4,0,0.0,
71,23,19,0.826086920605,
72,61,12,0.19672130825,
73,27,2,0.0740740713306,
74,50,18,0.3599999928,
75,50,14,0.2799999944,
76,25,13,0.5199999792,
77,22,20,0.909090867769,
78,19,13,0.684210490305,
79,2,0,0.0,
80,29,17,0.586206876338,
81,7,4,0.571428489796,
82,20,11,0.5499999725,
83,13,11,0.846153781065,
84,34,17,0.499999985294,
85,11,10,0.909090826446,
86,27,2,0.0740740713306,
87,27,22,0.814814784636,
88,13,10,0.769230710059,
89,10,8,0.79999992,
90,7,4,0.571428489796,
91,8,8,0.999999875,
92,26,25,0.961538424556,
93,8,4,0.4999999375,
94,36,19,0.527777763117,
95,7,7,0.999999857143,
96,6,0,0.0,
97,12,4,0.333333305556,
98,7,7,0.999999857143,
99,12,11,0.916666590278,
100,11,10,0.909090826446,
101,11,10,0.909090826446,
102,7,6,0.857142734694,
103,22,9,0.409090890496,
104,6,6,0.999999833333,
105,0,0,0.0,
106,10,9,0.89999991,
107,11,11,0.999999909091,
108,11,8,0.727272661157,
109,8,7,0.874999890625,
110,25,10,0.399999984,
111,8,6,0.74999990625,
112,50,5,0.099999998,
113,19,5,0.263157880886,
114,18,0,0.0,
115,6,3,0.499999916667,
116,9,6,0.666666592593,
117,20,7,0.3499999825,
118,9,0,0.0,
119,4,4,0.99999975,
120,0,0,0.0,
121,23,0,0.0,
122,1,0,0.0,
123,1,1,0.999999000001,
124,0,0,0.0,
125,0,0,0.0,
126,8,6,0.74999990625,
Average precision= 0.501989046406