line number,total connectivity in output,total connectivity in gt intersect output,precision
1,7,7,0.999999857143,
2,6,5,0.833333194444,
3,7,7,0.999999857143,
4,5,5,0.9999998,
5,6,6,0.999999833333,
6,2,2,0.9999995,
7,61,8,0.131147538834,
8,38,37,0.973684184903,
9,5,4,0.79999984,
10,7,5,0.714285612245,
11,0,0,0.0,
12,0,0,0.0,
13,29,29,0.999999965517,
14,29,28,0.965517208086,
15,61,51,0.836065560064,
16,59,58,0.983050830796,
17,111,52,0.468468464248,
18,57,57,0.999999982456,
19,47,9,0.191489357628,
20,31,29,0.935483840791,
21,9,9,0.999999888889,
22,49,49,0.999999979592,
23,62,36,0.580645151925,
24,20,18,0.899999955,
25,69,58,0.840579697963,
26,36,31,0.861111087191,
27,57,57,0.999999982456,
28,55,53,0.963636346116,
29,33,31,0.939393910927,
30,26,24,0.923076887574,
31,80,27,0.337499995781,
32,75,22,0.293333329422,
33,47,5,0.10638297646,
34,49,16,0.326530605581,
35,28,5,0.178571422194,
36,37,15,0.405405394449,
37,15,4,0.266666648889,
38,4,2,0.499999875,
39,0,0,0.0,
40,10,7,0.69999993,
41,15,10,0.666666622222,
42,18,0,0.0,
43,20,0,0.0,
44,6,5,0.833333194444,
45,35,32,0.914285688163,
46,20,0,0.0,
47,14,12,0.857142795918,
48,2,2,0.9999995,
49,16,16,0.9999999375,
50,8,8,0.999999875,
51,0,0,0.0,
52,0,0,0.0,
53,27,27,0.999999962963,
54,8,0,0.0,
55,35,35,0.999999971429,
56,8,5,0.624999921875,
57,39,25,0.641025624589,
58,0,0,0.0,
59,39,1,0.0256410249836,
60,34,30,0.882352915225,
61,34,2,0.0588235276817,
62,3,2,0.666666444445,
63,29,22,0.758620663496,
64,29,3,0.103448272295,
65,29,2,0.0689655148633,
66,30,3,0.0999999966667,
67,62,26,0.419354831946,
68,0,0,0.0,
69,4,2,0.499999875,
70,32,1,0.0312499990234,
71,32,26,0.812499974609,
72,4,1,0.2499999375,
73,62,21,0.338709671956,
74,33,3,0.0909090881543,
75,33,27,0.818181793388,
76,33,0,0.0,
77,22,1,0.0454545433884,
78,0,0,0.0,
79,30,28,0.933333302222,
80,22,3,0.136363630165,
81,0,0,0.0,
82,0,0,0.0,
83,3,0,0.0,
84,22,14,0.636363607438,
85,0,0,0.0,
86,0,0,0.0,
87,15,3,0.199999986667,
88,24,24,0.999999958333,
89,2,1,0.49999975,
90,34,27,0.794117623702,
91,0,0,0.0,
92,30,2,0.0666666644444,
93,32,25,0.781249975586,
94,33,5,0.151515146924,
95,33,24,0.727272705234,
96,38,4,0.105263155125,
97,26,21,0.807692276627,
98,26,3,0.115384610947,
99,30,1,0.0333333322222,
100,30,28,0.933333302222,
101,0,0,0.0,
102,25,3,0.1199999952,
103,28,5,0.178571422194,
104,68,11,0.161764703503,
105,25,10,0.399999984,
106,61,44,0.721311463585,
107,50,42,0.8399999832,
108,48,46,0.958333313368,
109,50,47,0.9399999812,
110,57,52,0.912280685749,
111,105,47,0.447619043356,
112,34,32,0.941176442907,
113,4,1,0.2499999375,
114,4,1,0.2499999375,
Average precision= 0.504444163008