line number,total connectivity in output,total connectivity in gt intersect output,precision
1,62,62,0.999999983871,
2,52,51,0.980769211908,
3,55,54,0.981818163967,
4,58,55,0.948275845719,
5,62,62,0.999999983871,
6,52,52,0.999999980769,
7,65,63,0.96923075432,
8,31,1,0.0322580634755,
9,31,26,0.838709650364,
10,53,19,0.358490559274,
11,17,16,0.941176415225,
12,22,22,0.999999954545,
13,24,23,0.958333293403,
14,42,23,0.54761903458,
15,0,0,0.0,
16,34,23,0.676470568339,
17,28,21,0.749999973214,
18,35,1,0.0285714277551,
19,35,27,0.771428549388,
20,32,31,0.968749969727,
21,27,27,0.999999962963,
22,53,24,0.452830180135,
23,53,5,0.0943396208615,
24,8,6,0.74999990625,
25,22,11,0.499999977273,
26,22,2,0.0909090867769,
27,22,6,0.272727260331,
28,25,19,0.7599999696,
29,5,2,0.39999992,
30,19,7,0.368421033241,
31,0,0,0.0,
32,19,10,0.526315761773,
33,0,0,0.0,
34,31,17,0.548387079084,
35,4,4,0.99999975,
36,31,3,0.0967741904266,
37,31,6,0.193548380853,
38,5,5,0.9999998,
39,0,0,0.0,
40,32,4,0.124999996094,
41,32,27,0.843749973633,
42,13,8,0.615384568047,
43,26,26,0.999999961538,
44,0,0,0.0,
45,10,8,0.79999992,
46,16,16,0.9999999375,
47,20,20,0.99999995,
48,15,15,0.999999933333,
49,45,20,0.444444434568,
50,68,22,0.323529407007,
51,23,22,0.956521697543,
52,23,17,0.739130402647,
53,24,24,0.999999958333,
54,14,7,0.499999964286,
55,29,28,0.965517208086,
56,38,32,0.842105240997,
57,27,23,0.851851820302,
58,47,37,0.787234025804,
59,28,24,0.857142826531,
60,54,32,0.592592581619,
61,54,3,0.0555555545267,
62,22,20,0.909090867769,
63,24,19,0.791666633681,
64,54,1,0.0185185181756,
65,25,18,0.7199999712,
66,100,56,0.5599999944,
67,63,60,0.952380937264,
68,67,59,0.880597001782,
69,14,12,0.857142795918,
70,62,61,0.983870951873,
71,69,66,0.956521725268,
72,27,22,0.814814784636,
73,35,29,0.828571404898,
74,11,11,0.999999909091,
75,13,9,0.692307639053,
76,45,43,0.955555534321,
77,11,2,0.181818165289,
78,43,42,0.976744163332,
79,47,4,0.0851063811679,
80,47,1,0.021276595292,
81,48,6,0.124999997396,
82,51,0,0.0,
83,4,2,0.499999875,
84,0,0,0.0,
85,0,0,0.0,
Average precision= 0.610787017323