line number,total connectivity in output,total connectivity in gt intersect output,precision
1,31,22,0.709677396462,
2,14,14,0.999999928571,
3,35,20,0.571428555102,
4,43,15,0.34883720119,
5,6,0,0.0,
6,76,20,0.263157891274,
7,6,0,0.0,
8,16,10,0.624999960938,
9,6,1,0.166666638889,
10,6,0,0.0,
11,41,23,0.560975596074,
12,20,17,0.8499999575,
13,10,9,0.89999991,
14,22,22,0.999999954545,
15,6,0,0.0,
16,13,13,0.999999923077,
17,18,18,0.999999944444,
18,6,0,0.0,
19,22,22,0.999999954545,
20,10,8,0.79999992,
21,27,23,0.851851820302,
22,0,0,0.0,
23,27,20,0.740740713306,
24,25,25,0.99999996,
25,8,8,0.999999875,
26,20,17,0.8499999575,
27,20,19,0.9499999525,
28,26,24,0.923076887574,
29,28,27,0.964285679847,
30,1,1,0.999999000001,
31,28,25,0.892857110969,
32,11,11,0.999999909091,
33,42,23,0.54761903458,
34,7,7,0.999999857143,
35,43,24,0.558139521904,
36,30,28,0.933333302222,
37,23,12,0.52173910775,
38,45,25,0.55555554321,
39,13,13,0.999999923077,
40,34,14,0.411764693772,
41,14,13,0.928571362245,
42,8,1,0.124999984375,
43,21,8,0.380952362812,
44,0,0,0.0,
45,42,17,0.404761895125,
46,59,20,0.338983045102,
47,52,26,0.499999990385,
48,3,1,0.333333222222,
49,6,6,0.999999833333,
50,62,16,0.258064511967,
51,27,23,0.851851820302,
52,44,17,0.386363627583,
53,13,13,0.999999923077,
54,31,10,0.322580634755,
55,27,14,0.518518499314,
56,26,16,0.615384591716,
57,2,0,0.0,
58,19,7,0.368421033241,
59,39,31,0.79487177449,
60,39,3,0.0769230749507,
Average precision= 0.595021429489