line number,total connectivity in output,total connectivity in gt intersect output,precision
1,18,18,0.999999944444,
2,24,21,0.874999963542,
3,44,42,0.954545432851,
4,69,57,0.826086944549,
5,2,2,0.9999995,
6,13,13,0.999999923077,
7,94,88,0.936170202807,
8,136,96,0.705882347751,
9,180,80,0.444444441975,
10,178,94,0.528089884674,
11,172,90,0.523255810911,
12,25,22,0.8799999648,
13,27,17,0.62962960631,
14,0,0,0.0,
15,7,0,0.0,
16,28,25,0.892857110969,
17,7,3,0.428571367347,
18,8,7,0.874999890625,
19,40,23,0.574999985625,
20,54,22,0.407407399863,
21,69,9,0.130434780718,
22,0,0,0.0,
23,33,23,0.696969675849,
24,24,15,0.624999973958,
25,6,0,0.0,
26,31,21,0.677419332986,
27,49,21,0.428571419825,
28,6,3,0.499999916667,
29,25,1,0.0399999984,
30,22,14,0.636363607438,
31,37,13,0.351351341855,
32,22,20,0.909090867769,
33,26,15,0.576923054734,
34,32,23,0.718749977539,
35,2,1,0.49999975,
36,23,21,0.913043438563,
37,6,0,0.0,
38,29,24,0.827586178359,
39,26,24,0.923076887574,
40,47,32,0.680851049344,
41,43,22,0.511627895078,
42,30,21,0.699999976667,
43,100,13,0.1299999987,
44,41,22,0.536585352766,
45,44,23,0.522727260847,
46,30,24,0.799999973333,
47,30,21,0.699999976667,
48,4,0,0.0,
49,26,21,0.807692276627,
50,15,15,0.999999933333,
51,8,8,0.999999875,
52,12,11,0.916666590278,
53,6,4,0.666666555556,
54,23,20,0.869565179584,
55,0,0,0.0,
56,147,15,0.102040815632,
57,19,19,0.999999947368,
58,26,22,0.846153813609,
59,42,22,0.523809511338,
60,5,5,0.9999998,
61,47,47,0.999999978723,
62,51,49,0.960784294887,
63,44,42,0.954545432851,
64,12,12,0.999999916667,
65,10,10,0.9999999,
66,61,58,0.950819656544,
67,47,10,0.21276595292,
68,9,9,0.999999888889,
69,47,45,0.957446788139,
70,58,58,0.999999982759,
71,14,14,0.999999928571,
Average precision= 0.651933344043