line number,total connectivity in output,total connectivity in gt intersect output,precision
1,17,17,0.999999941176,
2,20,20,0.99999995,
3,21,20,0.952380907029,
4,27,25,0.925925891632,
5,20,20,0.99999995,
6,20,20,0.99999995,
7,18,18,0.999999944444,
8,36,24,0.666666648148,
9,9,9,0.999999888889,
10,21,21,0.999999952381,
11,36,11,0.305555547068,
12,4,4,0.99999975,
13,79,9,0.113924049191,
14,38,23,0.605263141967,
15,38,12,0.315789465374,
16,34,25,0.735294096021,
17,34,8,0.235294110727,
18,35,24,0.685714266122,
19,35,10,0.285714277551,
20,41,20,0.487804866151,
21,41,11,0.268292676383,
22,23,22,0.956521697543,
23,11,11,0.999999909091,
24,22,21,0.954545411157,
25,30,20,0.666666644444,
26,30,9,0.29999999,
27,37,26,0.702702683711,
28,37,10,0.270270262966,
29,36,24,0.666666648148,
30,36,11,0.305555547068,
31,28,20,0.714285688776,
32,28,7,0.249999991071,
33,29,19,0.655172391201,
34,29,9,0.310344816885,
35,32,19,0.593749981445,
36,32,11,0.343749989258,
37,37,27,0.729729710007,
38,37,9,0.243243236669,
39,25,25,0.99999996,
40,11,10,0.909090826446,
41,11,11,0.999999909091,
42,9,9,0.999999888889,
43,6,5,0.833333194444,
44,10,6,0.59999994,
45,8,6,0.74999990625,
46,18,6,0.333333314815,
47,8,8,0.999999875,
48,5,5,0.9999998,
49,7,6,0.857142734694,
50,18,7,0.388888867284,
51,13,9,0.692307639053,
52,7,5,0.714285612245,
53,24,11,0.458333314236,
54,2,2,0.9999995,
Average precision= 0.681176632447