line number,total connectivity in output,total connectivity in gt intersect output,precision
1,0,0,0.0,
2,17,16,0.941176415225,
3,36,11,0.305555547068,
4,54,50,0.925925908779,
5,57,54,0.947368404432,
6,59,58,0.983050830796,
7,40,33,0.824999979375,
8,48,12,0.249999994792,
9,36,24,0.666666648148,
10,59,4,0.0677966090204,
11,59,13,0.220338979316,
12,59,38,0.644067785694,
13,74,53,0.716216206538,
14,20,20,0.99999995,
15,74,16,0.216216213294,
16,29,14,0.482758604043,
17,26,24,0.923076887574,
18,24,18,0.74999996875,
19,32,29,0.90624997168,
20,29,26,0.896551693222,
21,0,0,0.0,
22,10,9,0.89999991,
23,29,28,0.965517208086,
24,6,5,0.833333194444,
25,29,23,0.793103420927,
26,29,1,0.0344827574316,
27,26,23,0.884615350592,
28,0,0,0.0,
29,9,8,0.888888790123,
30,26,2,0.0769230739645,
31,26,19,0.730769202663,
32,10,10,0.9999999,
33,36,4,0.111111108025,
34,36,27,0.749999979167,
35,0,0,0.0,
36,0,0,0.0,
37,14,14,0.999999928571,
38,26,23,0.884615350592,
39,44,12,0.272727266529,
40,31,17,0.548387079084,
41,44,26,0.590909077479,
42,17,16,0.941176415225,
43,71,23,0.323943657409,
44,32,27,0.843749973633,
45,63,19,0.3015872968,
46,27,24,0.888888855967,
47,27,25,0.925925891632,
48,23,23,0.999999956522,
49,25,24,0.9599999616,
50,24,18,0.74999996875,
51,23,21,0.913043438563,
52,21,21,0.999999952381,
53,28,10,0.357142844388,
54,28,22,0.785714257653,
55,31,11,0.354838698231,
56,23,18,0.782608661626,
57,22,22,0.999999954545,
58,21,15,0.714285680272,
59,21,0,0.0,
60,14,14,0.999999928571,
61,5,5,0.9999998,
62,0,0,0.0,
63,3,3,0.999999666667,
64,0,0,0.0,
65,7,7,0.999999857143,
66,24,24,0.999999958333,
67,0,0,0.0,
68,26,20,0.769230739645,
69,26,4,0.153846147929,
70,4,4,0.99999975,
71,7,6,0.857142734694,
72,21,2,0.0952380907029,
73,21,14,0.666666634921,
74,2,2,0.9999995,
75,9,7,0.777777691358,
76,63,8,0.126984124969,
77,32,1,0.0312499990234,
78,0,0,0.0,
79,32,28,0.874999972656,
80,0,0,0.0,
81,63,2,0.0317460312421,
82,63,28,0.44444443739,
83,2,2,0.9999995,
84,106,51,0.481132070933,
85,61,7,0.114754096479,
86,45,4,0.0888888869136,
87,51,46,0.901960766628,
88,57,53,0.929824545091,
89,0,0,0.0,
90,57,3,0.052631578024,
91,56,51,0.910714269452,
92,56,3,0.0535714276148,
93,64,53,0.828124987061,
94,64,8,0.124999998047,
95,55,45,0.818181803306,
96,55,8,0.14545454281,
97,0,0,0.0,
Average precision= 0.567586270085