line number,total connectivity in output,total connectivity in gt intersect output,precision
1,12,12,0.999999916667,
2,11,11,0.999999909091,
3,18,15,0.833333287037,
4,16,15,0.937499941406,
5,15,15,0.999999933333,
6,9,7,0.777777691358,
7,10,10,0.9999999,
8,15,12,0.799999946667,
9,29,9,0.310344816885,
10,22,7,0.318181803719,
11,2,1,0.49999975,
12,56,55,0.982142839605,
13,51,49,0.960784294887,
14,2,2,0.9999995,
15,59,55,0.93220337403,
16,19,19,0.999999947368,
17,59,54,0.915254221775,
18,29,19,0.655172391201,
19,16,15,0.937499941406,
20,22,13,0.59090906405,
21,54,53,0.981481463306,
22,0,0,0.0,
23,40,28,0.6999999825,
24,44,23,0.522727260847,
25,4,3,0.7499998125,
26,22,20,0.909090867769,
27,17,17,0.999999941176,
28,23,22,0.956521697543,
29,21,20,0.952380907029,
30,19,19,0.999999947368,
31,39,18,0.461538449704,
32,37,20,0.540540525931,
33,24,16,0.666666638889,
34,41,13,0.317073162998,
35,2,0,0.0,
36,8,8,0.999999875,
37,35,16,0.457142844082,
38,9,9,0.999999888889,
39,26,23,0.884615350592,
40,9,9,0.999999888889,
41,12,12,0.999999916667,
42,31,25,0.806451586889,
43,0,0,0.0,
44,39,2,0.0512820499671,
45,0,0,0.0,
46,39,26,0.666666649573,
47,15,11,0.733333284444,
48,27,2,0.0740740713306,
49,12,5,0.416666631944,
50,40,21,0.524999986875,
51,12,10,0.833333263889,
52,13,2,0.153846142012,
53,28,1,0.0357142844388,
54,13,10,0.769230710059,
55,5,1,0.19999996,
56,12,8,0.666666611111,
57,28,13,0.464285697704,
58,12,8,0.666666611111,
59,14,0,0.0,
60,14,3,0.21428569898,
61,22,7,0.318181803719,
62,23,19,0.826086920605,
63,14,0,0.0,
64,14,1,0.0714285663265,
65,14,1,0.0714285663265,
66,26,16,0.615384591716,
67,14,1,0.0714285663265,
68,19,3,0.157894728532,
69,16,9,0.562499964844,
70,16,0,0.0,
71,19,5,0.263157880886,
72,48,15,0.31249999349,
73,9,7,0.777777691358,
74,16,0,0.0,
75,0,0,0.0,
76,3,3,0.999999666667,
77,41,5,0.121951216538,
78,41,8,0.19512194646,
79,41,19,0.463414622844,
80,9,7,0.777777691358,
81,16,3,0.187499988281,
82,16,7,0.437499972656,
83,30,13,0.433333318889,
84,38,0,0.0,
85,10,8,0.79999992,
86,38,14,0.368421042936,
87,16,16,0.9999999375,
88,0,0,0.0,
89,22,0,0.0,
90,22,20,0.909090867769,
91,52,15,0.288461532914,
92,52,14,0.269230764053,
93,92,14,0.152173911389,
94,92,19,0.206521736886,
95,30,8,0.266666657778,
96,30,14,0.466666651111,
97,23,19,0.826086920605,
98,29,22,0.758620663496,
99,50,50,0.99999998,
100,19,18,0.947368371191,
101,57,52,0.912280685749,
102,3,2,0.666666444445,
103,67,64,0.95522386634,
104,36,17,0.472222209105,
105,51,47,0.921568609381,
106,62,60,0.967741919875,
107,31,18,0.58064514256,
108,59,55,0.93220337403,
109,0,0,0.0,
110,22,21,0.954545411157,
111,14,13,0.928571362245,
112,11,9,0.818181743802,
Average precision= 0.570195638898