line number,total connectivity in output,total connectivity in gt intersect output,precision
1,5,4,0.79999984,
2,15,8,0.533333297778,
3,1,1,0.999999000001,
4,9,3,0.333333296296,
5,19,2,0.105263152355,
6,8,0,0.0,
7,10,1,0.09999999,
8,10,7,0.69999993,
9,7,6,0.857142734694,
10,13,3,0.230769213018,
11,7,2,0.285714244898,
12,34,7,0.205882346886,
13,5,5,0.9999998,
14,7,6,0.857142734694,
15,6,1,0.166666638889,
16,9,9,0.999999888889,
17,4,4,0.99999975,
18,7,4,0.571428489796,
19,3,2,0.666666444445,
20,5,5,0.9999998,
21,11,11,0.999999909091,
22,11,9,0.818181743802,
23,5,5,0.9999998,
24,3,3,0.999999666667,
25,0,0,0.0,
26,7,3,0.428571367347,
27,3,0,0.0,
28,4,3,0.7499998125,
29,3,0,0.0,
30,0,0,0.0,
31,0,0,0.0,
32,23,2,0.0869565179584,
33,27,0,0.0,
34,34,24,0.70588233218,
35,23,18,0.782608661626,
36,32,28,0.874999972656,
37,29,25,0.862068935791,
38,26,25,0.961538424556,
39,22,22,0.999999954545,
40,25,25,0.99999996,
41,27,27,0.999999962963,
42,22,21,0.954545411157,
43,25,23,0.9199999632,
44,30,26,0.866666637778,
45,27,25,0.925925891632,
46,28,27,0.964285679847,
47,24,21,0.874999963542,
48,20,20,0.99999995,
49,22,21,0.954545411157,
50,30,28,0.933333302222,
51,26,25,0.961538424556,
52,28,27,0.964285679847,
53,26,26,0.999999961538,
54,25,24,0.9599999616,
55,22,21,0.954545411157,
56,23,22,0.956521697543,
57,2,2,0.9999995,
Average precision= 0.682023516861