line number,total connectivity in output,total connectivity in gt intersect output,precision
1,26,21,0.807692276627,
2,0,0,0.0,
3,34,30,0.882352915225,
4,43,23,0.534883708491,
5,43,10,0.232558134127,
6,17,15,0.882352889273,
7,7,2,0.285714244898,
8,43,31,0.720930215792,
9,4,0,0.0,
10,43,8,0.186046507301,
11,37,26,0.702702683711,
12,37,6,0.162162157779,
13,31,27,0.87096771384,
14,0,0,0.0,
15,31,27,0.87096771384,
16,31,0,0.0,
17,22,19,0.86363632438,
18,22,1,0.0454545433884,
19,69,1,0.0144927534131,
20,69,23,0.333333328502,
21,69,1,0.0144927534131,
22,41,28,0.682926812612,
23,41,2,0.0487804866151,
24,69,19,0.27536231485,
25,8,6,0.74999990625,
26,16,10,0.624999960938,
27,27,15,0.555555534979,
28,41,1,0.0243902433076,
29,74,12,0.162162159971,
30,32,7,0.218749993164,
31,25,21,0.8399999664,
32,16,0,0.0,
33,11,9,0.818181743802,
34,31,20,0.645161269511,
35,31,10,0.322580634755,
36,41,21,0.512195109459,
37,41,7,0.170731703153,
38,37,20,0.540540525931,
39,61,10,0.163934423542,
40,20,3,0.1499999925,
41,36,19,0.527777763117,
42,36,11,0.305555547068,
43,37,21,0.567567552228,
44,37,12,0.324324315559,
45,32,21,0.656249979492,
46,9,9,0.999999888889,
47,32,6,0.187499994141,
48,39,25,0.641025624589,
49,39,8,0.205128199869,
50,9,8,0.888888790123,
51,3,3,0.999999666667,
52,7,7,0.999999857143,
53,8,8,0.999999875,
54,9,9,0.999999888889,
55,6,5,0.833333194444,
56,6,6,0.999999833333,
57,4,2,0.499999875,
Average precision= 0.483409534935