line number,total connectivity in output,total connectivity in gt intersect output,precision
1,28,1,0.0357142844388,
2,18,14,0.777777734568,
3,22,20,0.909090867769,
4,28,18,0.642857119898,
5,21,19,0.904761861678,
6,14,13,0.928571362245,
7,3,3,0.999999666667,
8,16,15,0.937499941406,
9,24,22,0.916666628472,
10,45,19,0.42222221284,
11,10,5,0.49999995,
12,16,16,0.9999999375,
13,9,8,0.888888790123,
14,22,19,0.86363632438,
15,14,12,0.857142795918,
16,20,17,0.8499999575,
17,5,5,0.9999998,
18,11,10,0.909090826446,
19,16,12,0.749999953125,
20,3,3,0.999999666667,
21,22,20,0.909090867769,
22,19,18,0.947368371191,
23,22,1,0.0454545433884,
24,50,8,0.1599999968,
25,22,17,0.772727237603,
26,8,7,0.874999890625,
27,16,7,0.437499972656,
28,16,16,0.9999999375,
29,21,19,0.904761861678,
30,11,8,0.727272661157,
31,16,14,0.874999945313,
32,20,17,0.8499999575,
33,5,3,0.59999988,
34,24,19,0.791666633681,
35,48,16,0.333333326389,
36,2,2,0.9999995,
37,74,9,0.121621619978,
38,10,0,0.0,
39,0,0,0.0,
40,33,8,0.242424235078,
41,10,10,0.9999999,
42,50,14,0.2799999944,
43,0,0,0.0,
44,17,0,0.0,
45,17,13,0.76470583737,
46,10,9,0.89999991,
47,77,19,0.246753243549,
48,17,13,0.76470583737,
49,69,17,0.246376808024,
50,16,16,0.9999999375,
51,7,2,0.285714244898,
52,35,33,0.942857115918,
53,20,14,0.699999965,
54,39,19,0.487179474688,
55,26,26,0.999999961538,
56,29,27,0.931034450654,
57,30,30,0.999999966667,
58,43,14,0.325581387777,
59,43,27,0.627906962142,
60,9,9,0.999999888889,
61,39,35,0.897435874425,
62,28,25,0.892857110969,
63,50,0,0.0,
64,27,21,0.777777748971,
65,50,15,0.299999994,
66,17,16,0.941176415225,
67,10,10,0.9999999,
68,29,28,0.965517208086,
69,54,0,0.0,
70,54,21,0.388888881687,
71,0,0,0.0,
72,54,20,0.370370363512,
73,28,24,0.857142826531,
74,29,25,0.862068935791,
75,13,3,0.230769213018,
76,28,27,0.964285679847,
77,0,0,0.0,
78,49,4,0.0816326513953,
79,48,28,0.583333321181,
80,29,1,0.0344827574316,
81,49,7,0.142857139942,
82,30,11,0.366666654444,
83,49,33,0.673469374011,
84,6,5,0.833333194444,
85,24,12,0.499999979167,
86,38,8,0.210526310249,
87,19,17,0.894736795014,
88,7,6,0.857142734694,
89,0,0,0.0,
90,21,18,0.857142816327,
91,23,18,0.782608661626,
92,33,19,0.57575755831,
93,41,20,0.487804866151,
94,38,0,0.0,
95,46,11,0.239130429584,
96,38,30,0.789473663435,
97,36,27,0.749999979167,
98,41,21,0.512195109459,
99,35,0,0.0,
100,29,2,0.0689655148633,
101,5,4,0.79999984,
102,39,38,0.974358949375,
103,38,35,0.921052607341,
104,35,29,0.828571404898,
105,67,6,0.0895522374694,
106,67,29,0.432835814435,
107,37,4,0.108108105186,
108,67,19,0.28358208532,
109,29,0,0.0,
110,29,21,0.724137906064,
111,23,3,0.130434776938,
112,54,3,0.0555555545267,
113,34,30,0.882352915225,
114,23,17,0.739130402647,
115,5,5,0.9999998,
116,35,24,0.685714266122,
117,36,0,0.0,
118,36,8,0.222222216049,
119,30,1,0.0333333322222,
120,36,18,0.499999986111,
121,16,7,0.437499972656,
122,46,24,0.521739119093,
123,16,6,0.374999976563,
124,46,18,0.391304339319,
125,7,6,0.857142734694,
126,23,7,0.304347812854,
127,0,0,0.0,
128,17,7,0.411764681661,
129,40,15,0.374999990625,
130,8,8,0.999999875,
131,8,5,0.624999921875,
132,20,3,0.1499999925,
133,32,21,0.656249979492,
134,15,6,0.399999973333,
135,4,2,0.499999875,
136,52,1,0.0192307688609,
137,43,0,0.0,
138,20,1,0.0499999975,
139,23,0,0.0,
140,20,17,0.8499999575,
141,35,24,0.685714266122,
142,6,5,0.833333194444,
143,21,21,0.999999952381,
144,20,20,0.99999995,
145,35,0,0.0,
146,14,12,0.857142795918,
147,35,1,0.0285714277551,
148,19,17,0.894736795014,
149,37,18,0.486486473338,
150,19,14,0.736842066482,
151,14,12,0.857142795918,
152,17,12,0.705882311419,
153,18,17,0.944444391975,
154,12,11,0.916666590278,
155,45,18,0.399999991111,
156,14,9,0.642857096939,
157,12,11,0.916666590278,
158,22,12,0.545454520661,
159,69,17,0.246376808024,
160,7,7,0.999999857143,
161,19,17,0.894736795014,
162,45,18,0.399999991111,
163,18,11,0.61111107716,
164,22,21,0.954545411157,
165,18,18,0.999999944444,
166,18,14,0.777777734568,
167,0,0,0.0,
168,15,4,0.266666648889,
169,20,6,0.299999985,
170,14,8,0.571428530612,
171,8,6,0.74999990625,
172,15,9,0.59999996,
173,4,2,0.499999875,
174,14,5,0.357142831633,
175,6,3,0.499999916667,
176,4,0,0.0,
177,9,9,0.999999888889,
178,6,5,0.833333194444,
179,5,4,0.79999984,
180,6,3,0.499999916667,
181,4,4,0.99999975,
182,6,2,0.333333277778,
183,19,0,0.0,
184,6,3,0.499999916667,
Average precision= 0.567190859266