line number,total connectivity in output,total connectivity in gt intersect output,precision
1,91,48,0.527472521676,
2,48,41,0.854166648872,
3,45,45,0.999999977778,
4,61,59,0.967213098898,
5,49,48,0.979591816743,
6,46,46,0.999999978261,
7,18,18,0.999999944444,
8,2,2,0.9999995,
9,0,0,0.0,
10,37,2,0.0540540525931,
11,0,0,0.0,
12,21,17,0.809523770975,
13,10,2,0.19999998,
14,16,14,0.874999945313,
15,62,22,0.354838703954,
16,29,15,0.517241361474,
17,83,25,0.301204815648,
18,29,17,0.586206876338,
19,12,11,0.916666590278,
20,62,27,0.435483863944,
21,17,14,0.823529363322,
22,55,28,0.509090899835,
23,0,0,0.0,
24,16,16,0.9999999375,
25,26,2,0.0769230739645,
26,39,27,0.692307674556,
27,10,10,0.9999999,
28,0,0,0.0,
29,0,0,0.0,
30,41,15,0.365853649613,
31,41,24,0.585365839381,
32,43,19,0.44186045484,
33,53,30,0.566037725169,
34,42,11,0.261904755669,
35,0,0,0.0,
36,42,28,0.666666650794,
37,10,10,0.9999999,
38,0,0,0.0,
39,3,2,0.666666444445,
40,28,22,0.785714257653,
41,48,14,0.29166666059,
42,28,3,0.107142853316,
43,15,14,0.933333271111,
44,48,3,0.0624999986979,
45,48,26,0.541666655382,
46,0,0,0.0,
47,14,12,0.857142795918,
48,46,28,0.608695638941,
49,0,0,0.0,
50,17,6,0.352941155709,
51,18,2,0.111111104938,
52,15,15,0.999999933333,
53,51,26,0.509803911572,
54,18,1,0.0555555524691,
55,0,0,0.0,
56,18,10,0.555555524691,
57,44,23,0.522727260847,
58,43,10,0.232558134127,
59,43,30,0.69767440238,
60,13,11,0.846153781065,
61,17,1,0.0588235259516,
62,20,20,0.99999995,
63,17,12,0.705882311419,
64,18,0,0.0,
65,17,2,0.117647051903,
66,12,12,0.999999916667,
67,18,16,0.888888839506,
68,26,17,0.653846128698,
69,42,20,0.476190464853,
70,16,1,0.0624999960938,
71,16,13,0.812499949219,
72,24,20,0.833333298611,
73,36,14,0.388888878086,
74,40,21,0.524999986875,
75,17,9,0.529411733564,
76,15,13,0.866666608889,
77,41,31,0.756097542534,
78,13,1,0.0769230710059,
79,7,5,0.714285612245,
80,13,11,0.846153781065,
81,12,10,0.833333263889,
82,9,9,0.999999888889,
83,11,1,0.0909090826446,
84,45,25,0.55555554321,
85,11,6,0.545454495868,
86,28,26,0.928571395408,
87,33,29,0.878787852158,
88,33,3,0.0909090881543,
89,33,29,0.878787852158,
90,35,32,0.914285688163,
91,51,51,0.999999980392,
92,47,15,0.31914892938,
93,47,31,0.659574454052,
94,54,53,0.981481463306,
95,53,52,0.98113205696,
96,2,0,0.0,
97,2,2,0.9999995,
Average precision= 0.54719362671