line number,total connectivity in output,total connectivity in gt intersect output,precision
1,24,14,0.583333309028,
2,15,15,0.999999933333,
3,13,13,0.999999923077,
4,12,7,0.583333284722,
5,13,11,0.846153781065,
6,38,31,0.815789452216,
7,10,9,0.89999991,
8,7,2,0.285714244898,
9,12,12,0.999999916667,
10,47,42,0.893617002263,
11,101,45,0.445544550044,
12,56,44,0.785714271684,
13,40,39,0.974999975625,
14,4,4,0.99999975,
15,6,6,0.999999833333,
16,39,39,0.999999974359,
17,47,43,0.914893597555,
18,46,45,0.978260848299,
19,0,0,0.0,
20,18,16,0.888888839506,
21,10,0,0.0,
22,29,29,0.999999965517,
23,29,29,0.999999965517,
24,14,14,0.999999928571,
25,27,23,0.851851820302,
26,25,20,0.799999968,
27,22,22,0.999999954545,
28,27,23,0.851851820302,
29,31,30,0.967741904266,
30,29,25,0.862068935791,
31,28,26,0.928571395408,
32,26,25,0.961538424556,
33,3,1,0.333333222222,
34,8,5,0.624999921875,
35,16,15,0.937499941406,
36,19,16,0.842105218837,
37,19,2,0.105263152355,
38,18,18,0.999999944444,
39,0,0,0.0,
40,36,26,0.72222220216,
41,34,2,0.0588235276817,
42,3,2,0.666666444445,
43,28,3,0.107142853316,
44,28,21,0.749999973214,
45,27,3,0.111111106996,
46,3,1,0.333333222222,
47,30,23,0.766666641111,
48,0,0,0.0,
49,29,2,0.0689655148633,
50,32,26,0.812499974609,
51,0,0,0.0,
52,28,1,0.0357142844388,
53,28,25,0.892857110969,
54,4,2,0.499999875,
55,37,3,0.0810810788897,
56,27,24,0.888888855967,
57,80,72,0.89999998875,
58,117,64,0.547008542333,
59,40,0,0.0,
60,37,29,0.7837837626,
61,81,73,0.901234556775,
62,123,61,0.495934955318,
63,5,5,0.9999998,
64,13,13,0.999999923077,
65,26,21,0.807692276627,
66,69,59,0.855072451376,
67,69,54,0.78260868431,
68,29,21,0.724137906064,
69,28,26,0.928571395408,
70,108,55,0.509259254544,
71,29,29,0.999999965517,
72,33,17,0.515151499541,
73,32,28,0.874999972656,
74,19,18,0.947368371191,
75,23,14,0.608695625709,
76,28,12,0.428571413265,
77,17,7,0.411764681661,
78,17,4,0.235294103806,
79,3,3,0.999999666667,
Average precision= 0.671091004363