line number,total connectivity in output,total connectivity in gt intersect output,precision
1,18,18,0.999999944444,
2,19,17,0.894736795014,
3,25,20,0.799999968,
4,16,16,0.9999999375,
5,34,15,0.441176457612,
6,21,21,0.999999952381,
7,14,13,0.928571362245,
8,18,17,0.944444391975,
9,53,13,0.24528301424,
10,15,15,0.999999933333,
11,20,18,0.899999955,
12,16,14,0.874999945313,
13,15,14,0.933333271111,
14,39,15,0.384615374753,
15,16,16,0.9999999375,
16,17,17,0.999999941176,
17,13,11,0.846153781065,
18,21,19,0.904761861678,
19,20,18,0.899999955,
20,14,12,0.857142795918,
21,20,17,0.8499999575,
22,17,16,0.941176415225,
23,18,17,0.944444391975,
24,18,16,0.888888839506,
25,17,16,0.941176415225,
26,17,17,0.999999941176,
27,20,19,0.9499999525,
28,18,16,0.888888839506,
29,21,18,0.857142816327,
30,17,16,0.941176415225,
31,14,13,0.928571362245,
32,22,20,0.909090867769,
33,0,0,0.0,
34,0,0,0.0,
35,7,7,0.999999857143,
36,125,24,0.191999998464,
37,5,5,0.9999998,
38,28,26,0.928571395408,
39,9,9,0.999999888889,
40,34,11,0.323529402249,
41,41,28,0.682926812612,
42,10,2,0.19999998,
43,18,4,0.222222209877,
44,14,11,0.785714229592,
45,63,27,0.428571421769,
46,29,10,0.344827574316,
47,63,7,0.111111109347,
48,6,4,0.666666555556,
49,18,11,0.61111107716,
50,14,4,0.285714265306,
51,14,9,0.642857096939,
52,13,4,0.307692284024,
53,13,8,0.615384568047,
54,45,7,0.155555552099,
55,47,7,0.148936167044,
56,0,0,0.0,
57,47,26,0.553191477592,
58,29,3,0.103448272295,
59,47,9,0.191489357628,
60,8,8,0.999999875,
61,12,10,0.833333263889,
62,110,14,0.127272726116,
63,45,20,0.444444434568,
64,28,15,0.535714266582,
65,13,2,0.153846142012,
66,40,17,0.424999989375,
67,53,25,0.471698104308,
68,0,0,0.0,
69,39,15,0.384615374753,
70,39,21,0.538461524655,
71,56,31,0.553571418686,
72,22,21,0.954545411157,
73,28,27,0.964285679847,
74,19,19,0.999999947368,
75,48,23,0.479166656684,
76,48,20,0.416666657986,
77,9,8,0.888888790123,
78,48,14,0.29166666059,
79,48,27,0.562499988281,
80,19,19,0.999999947368,
81,39,21,0.538461524655,
82,45,10,0.222222217284,
83,51,19,0.372549012303,
84,51,17,0.333333326797,
85,12,9,0.7499999375,
86,29,8,0.275862059453,
87,3,1,0.333333222222,
88,15,15,0.999999933333,
89,4,4,0.99999975,
90,45,1,0.0222222217284,
91,45,23,0.511111099753,
92,45,3,0.0666666651852,
93,15,13,0.866666608889,
94,13,12,0.923076852071,
95,0,0,0.0,
96,6,6,0.999999833333,
97,0,0,0.0,
98,29,15,0.517241361474,
99,13,9,0.692307639053,
100,4,2,0.499999875,
101,23,23,0.999999956522,
102,0,0,0.0,
103,11,10,0.909090826446,
104,4,0,0.0,
105,43,3,0.069767440238,
106,54,10,0.185185181756,
107,79,28,0.35443037526,
108,17,5,0.294117629758,
109,11,11,0.999999909091,
110,9,9,0.999999888889,
111,43,23,0.534883708491,
112,17,4,0.235294103806,
113,17,3,0.176470577855,
114,5,5,0.9999998,
115,13,3,0.230769213018,
116,4,4,0.99999975,
117,0,0,0.0,
118,32,5,0.156249995117,
119,37,20,0.540540525931,
120,32,3,0.0937499970703,
121,32,3,0.0937499970703,
122,18,1,0.0555555524691,
123,30,20,0.666666644444,
124,4,4,0.99999975,
125,9,0,0.0,
126,34,6,0.176470583045,
127,68,26,0.382352935554,
128,33,7,0.212121205693,
129,1,1,0.999999000001,
130,2,0,0.0,
131,29,0,0.0,
132,34,20,0.588235276817,
133,24,4,0.166666659722,
134,27,24,0.888888855967,
135,62,29,0.46774192794,
136,88,19,0.215909088456,
137,67,7,0.104477610381,
138,62,25,0.403225799948,
139,9,8,0.888888790123,
140,98,27,0.27551020127,
141,29,21,0.724137906064,
142,47,13,0.276595738796,
143,13,12,0.923076852071,
144,26,25,0.961538424556,
145,24,24,0.999999958333,
146,30,27,0.89999997,
147,23,23,0.999999956522,
148,67,29,0.432835814435,
149,18,18,0.999999944444,
150,12,0,0.0,
151,19,19,0.999999947368,
152,18,13,0.722222182099,
153,14,9,0.642857096939,
154,21,18,0.857142816327,
155,15,14,0.933333271111,
156,19,17,0.894736795014,
157,26,15,0.576923054734,
158,14,8,0.571428530612,
159,10,9,0.89999991,
160,13,13,0.999999923077,
161,28,10,0.357142844388,
162,18,10,0.555555524691,
163,12,10,0.833333263889,
164,12,4,0.333333305556,
165,7,1,0.142857122449,
166,9,8,0.888888790123,
167,14,5,0.357142831633,
168,0,0,0.0,
169,8,1,0.124999984375,
170,9,9,0.999999888889,
171,4,3,0.7499998125,
172,8,1,0.124999984375,
173,0,0,0.0,
174,12,5,0.416666631944,
175,28,8,0.28571427551,
176,6,1,0.166666638889,
177,8,4,0.4999999375,
178,34,5,0.147058819204,
179,3,0,0.0,
180,0,0,0.0,
Average precision= 0.555645675826