line number,total connectivity in output,total connectivity in gt intersect output,precision
1,16,14,0.874999945313,
2,12,12,0.999999916667,
3,15,13,0.866666608889,
4,14,13,0.928571362245,
5,13,6,0.461538426036,
6,15,12,0.799999946667,
7,13,7,0.538461497041,
8,11,9,0.818181743802,
9,46,11,0.239130429584,
10,34,10,0.294117638408,
11,12,11,0.916666590278,
12,46,29,0.630434768904,
13,36,11,0.305555547068,
14,36,15,0.416666655093,
15,34,19,0.558823512976,
16,15,9,0.59999996,
17,36,22,0.611111094136,
18,0,0,0.0,
19,36,20,0.555555540123,
20,16,15,0.937499941406,
21,56,24,0.428571420918,
22,29,9,0.310344816885,
23,18,17,0.944444391975,
24,67,11,0.164179102027,
25,26,25,0.961538424556,
26,24,23,0.958333293403,
27,20,20,0.99999995,
28,28,25,0.892857110969,
29,24,23,0.958333293403,
30,22,22,0.999999954545,
31,29,26,0.896551693222,
32,21,21,0.999999952381,
33,19,17,0.894736795014,
34,27,25,0.925925891632,
35,24,24,0.999999958333,
36,26,21,0.807692276627,
37,25,1,0.0399999984,
38,25,21,0.8399999664,
39,31,25,0.806451586889,
40,31,2,0.0645161269511,
41,22,22,0.999999954545,
42,20,20,0.99999995,
43,23,22,0.956521697543,
44,26,23,0.884615350592,
45,3,3,0.999999666667,
Average precision= 0.7131020833