line number,total connectivity in output,total connectivity in gt intersect output,precision
1,51,51,0.999999980392,
2,52,52,0.999999980769,
3,53,19,0.358490559274,
4,53,27,0.509433952652,
5,42,21,0.499999988095,
6,42,20,0.476190464853,
7,44,44,0.999999977273,
8,7,7,0.999999857143,
9,31,28,0.903225777315,
10,68,20,0.294117642734,
11,0,0,0.0,
12,59,25,0.423728806377,
13,32,22,0.687499978516,
14,7,7,0.999999857143,
15,5,5,0.9999998,
16,18,9,0.499999972222,
17,22,17,0.772727237603,
18,34,21,0.617647040657,
19,41,15,0.365853649613,
20,25,22,0.8799999648,
21,44,25,0.568181805269,
22,33,10,0.303030293848,
23,21,6,0.285714272109,
24,47,27,0.574468072884,
25,21,2,0.0952380907029,
26,29,21,0.724137906064,
27,77,15,0.194805192275,
28,27,7,0.259259249657,
29,27,11,0.407407392318,
30,59,20,0.338983045102,
31,10,9,0.89999991,
32,3,2,0.666666444445,
33,0,0,0.0,
34,8,8,0.999999875,
35,0,0,0.0,
36,59,0,0.0,
37,24,17,0.708333303819,
38,59,8,0.135593218041,
39,41,19,0.463414622844,
40,17,13,0.76470583737,
41,47,15,0.31914892938,
42,14,12,0.857142795918,
43,0,0,0.0,
44,47,16,0.340425524672,
45,0,0,0.0,
46,10,10,0.9999999,
47,16,14,0.874999945313,
48,0,0,0.0,
49,59,11,0.186440674806,
50,0,0,0.0,
51,39,13,0.333333324786,
52,14,0,0.0,
53,12,9,0.7499999375,
54,68,14,0.205882349913,
55,14,1,0.0714285663265,
56,14,0,0.0,
57,23,14,0.608695625709,
58,14,0,0.0,
59,22,8,0.363636347107,
60,65,28,0.430769224142,
61,41,23,0.560975596074,
62,7,0,0.0,
63,23,18,0.782608661626,
64,14,3,0.21428569898,
65,14,3,0.21428569898,
66,0,0,0.0,
67,16,12,0.749999953125,
68,50,18,0.3599999928,
69,10,0,0.0,
70,40,13,0.324999991875,
71,10,1,0.09999999,
72,42,17,0.404761895125,
73,19,0,0.0,
74,19,1,0.0526315761773,
75,31,20,0.645161269511,
76,6,6,0.999999833333,
77,12,1,0.0833333263889,
78,12,8,0.666666611111,
79,49,22,0.448979582674,
80,6,6,0.999999833333,
81,36,26,0.72222220216,
82,47,18,0.382978715256,
83,8,8,0.999999875,
84,51,49,0.960784294887,
85,10,10,0.9999999,
86,38,35,0.921052607341,
87,9,9,0.999999888889,
88,23,2,0.0869565179584,
89,57,57,0.999999982456,
90,8,8,0.999999875,
91,0,0,0.0,
92,46,0,0.0,
93,46,43,0.934782588374,
94,9,8,0.888888790123,
95,0,0,0.0,
96,49,46,0.938775491045,
97,81,0,0.0,
98,9,9,0.999999888889,
99,0,0,0.0,
100,58,4,0.0689655160523,
101,34,8,0.235294110727,
102,58,22,0.379310338288,
103,13,10,0.769230710059,
104,14,14,0.999999928571,
105,6,5,0.833333194444,
106,17,11,0.647058785467,
107,7,7,0.999999857143,
108,17,5,0.294117629758,
109,6,4,0.666666555556,
110,0,0,0.0,
111,5,4,0.79999984,
112,0,0,0.0,
113,0,0,0.0,
114,0,0,0.0,
115,0,0,0.0,
116,9,9,0.999999888889,
Average precision= 0.475516057312