line number,total connectivity in output,total connectivity in gt intersect output,precision
1,27,21,0.777777748971,
2,37,21,0.567567552228,
3,50,48,0.9599999808,
4,16,16,0.9999999375,
5,2,2,0.9999995,
6,8,7,0.874999890625,
7,50,46,0.9199999816,
8,57,50,0.877192967067,
9,49,45,0.918367328197,
10,52,51,0.980769211908,
11,47,46,0.978723383431,
12,48,44,0.916666647569,
13,36,28,0.777777756173,
14,27,3,0.111111106996,
15,12,11,0.916666590278,
16,37,0,0.0,
17,92,32,0.347826083176,
18,50,12,0.2399999952,
19,10,9,0.89999991,
20,48,36,0.749999984375,
21,37,9,0.243243236669,
22,50,2,0.0399999992,
23,50,35,0.699999986,
24,50,7,0.1399999972,
25,0,0,0.0,
26,44,3,0.0681818166322,
27,44,3,0.0681818166322,
28,44,25,0.568181805269,
29,44,4,0.090909088843,
30,13,9,0.692307639053,
31,29,4,0.137931029727,
32,13,2,0.153846142012,
33,29,23,0.793103420927,
34,9,8,0.888888790123,
35,4,2,0.499999875,
36,11,11,0.999999909091,
37,4,3,0.7499998125,
38,33,32,0.969696940312,
39,32,28,0.874999972656,
40,39,38,0.974358949375,
41,34,33,0.970588206747,
42,29,28,0.965517208086,
43,0,0,0.0,
44,34,32,0.941176442907,
45,46,42,0.913043458412,
46,35,31,0.885714260408,
47,0,0,0.0,
48,33,21,0.63636361708,
49,33,3,0.0909090881543,
50,0,0,0.0,
51,31,3,0.0967741904266,
52,31,25,0.806451586889,
53,3,3,0.999999666667,
54,0,0,0.0,
55,31,5,0.161290317378,
56,31,22,0.709677396462,
57,0,0,0.0,
58,0,0,0.0,
59,17,9,0.529411733564,
60,17,5,0.294117629758,
61,21,16,0.761904725624,
62,23,23,0.999999956522,
63,26,21,0.807692276627,
64,30,27,0.89999997,
65,30,30,0.999999966667,
66,28,28,0.999999964286,
67,35,26,0.742857121633,
68,29,25,0.862068935791,
69,29,3,0.103448272295,
70,33,26,0.787878764004,
71,27,24,0.888888855967,
72,6,0,0.0,
73,38,24,0.631578930748,
74,0,0,0.0,
75,29,25,0.862068935791,
76,25,20,0.799999968,
77,4,4,0.99999975,
78,27,21,0.777777748971,
79,7,5,0.714285612245,
80,3,3,0.999999666667,
81,37,22,0.594594578524,
82,37,12,0.324324315559,
83,48,29,0.60416665408,
84,48,15,0.31249999349,
85,11,10,0.909090826446,
86,50,44,0.8799999824,
87,50,5,0.099999998,
88,5,4,0.79999984,
89,49,42,0.85714283965,
90,49,3,0.0612244885464,
91,57,50,0.877192967067,
92,57,3,0.052631578024,
93,54,47,0.870370354252,
94,55,46,0.836363621157,
95,54,3,0.0555555545267,
96,109,8,0.0733944947395,
97,54,46,0.851851836077,
98,54,5,0.0925925908779,
99,11,10,0.909090826446,
Average precision= 0.587604518666