line number,total connectivity in output,total connectivity in gt intersect output,precision
1,44,8,0.181818177686,
2,10,9,0.89999991,
3,14,11,0.785714229592,
4,79,7,0.0886075938151,
5,10,10,0.9999999,
6,44,28,0.636363621901,
7,11,10,0.909090826446,
8,7,7,0.999999857143,
9,10,10,0.9999999,
10,12,10,0.833333263889,
11,13,12,0.923076852071,
12,10,8,0.79999992,
13,7,7,0.999999857143,
14,25,11,0.4399999824,
15,25,24,0.9599999616,
16,4,4,0.99999975,
17,8,8,0.999999875,
18,11,9,0.818181743802,
19,25,25,0.99999996,
20,29,18,0.620689633769,
21,26,16,0.615384591716,
22,29,8,0.275862059453,
23,26,13,0.499999980769,
24,26,6,0.230769221893,
25,11,10,0.909090826446,
26,26,9,0.34615383284,
27,29,1,0.0344827574316,
28,9,9,0.999999888889,
29,7,7,0.999999857143,
30,0,0,0.0,
31,11,10,0.909090826446,
32,23,23,0.999999956522,
33,24,2,0.0833333298611,
34,3,0,0.0,
35,10,8,0.79999992,
36,8,8,0.999999875,
37,22,19,0.86363632438,
38,13,12,0.923076852071,
39,18,14,0.777777734568,
40,41,23,0.560975596074,
41,41,0,0.0,
42,13,3,0.230769213018,
43,59,11,0.186440674806,
44,41,12,0.292682919691,
45,17,17,0.999999941176,
46,19,17,0.894736795014,
47,20,18,0.899999955,
48,3,3,0.999999666667,
49,13,7,0.538461497041,
50,25,5,0.199999992,
51,20,13,0.6499999675,
52,11,9,0.818181743802,
53,11,11,0.999999909091,
54,88,35,0.397727268208,
55,25,17,0.6799999728,
56,48,47,0.979166646267,
57,6,6,0.999999833333,
58,60,40,0.666666655556,
59,10,10,0.9999999,
60,21,19,0.904761861678,
61,16,13,0.812499949219,
62,141,19,0.134751772094,
63,21,18,0.857142816327,
64,8,7,0.874999890625,
65,7,7,0.999999857143,
66,19,18,0.947368371191,
67,8,8,0.999999875,
68,24,22,0.916666628472,
69,11,11,0.999999909091,
70,10,10,0.9999999,
71,45,28,0.622222208395,
72,4,4,0.99999975,
73,45,15,0.333333325926,
74,15,14,0.933333271111,
75,32,17,0.531249983398,
76,32,12,0.374999988281,
77,38,24,0.631578930748,
78,38,10,0.263157887812,
79,71,19,0.267605630034,
80,12,9,0.7499999375,
81,33,9,0.272727264463,
82,50,23,0.4599999908,
83,20,19,0.9499999525,
84,20,7,0.3499999825,
85,37,21,0.567567552228,
86,28,25,0.892857110969,
87,37,23,0.621621604821,
88,4,4,0.99999975,
89,52,14,0.269230764053,
90,31,22,0.709677396462,
91,31,7,0.225806444329,
92,72,22,0.305555551312,
93,8,7,0.874999890625,
94,22,11,0.499999977273,
95,23,22,0.956521697543,
96,22,19,0.86363632438,
97,15,11,0.733333284444,
98,25,20,0.799999968,
99,15,13,0.866666608889,
100,25,0,0.0,
101,9,9,0.999999888889,
102,7,7,0.999999857143,
103,35,20,0.571428555102,
104,13,12,0.923076852071,
105,5,5,0.9999998,
106,70,18,0.257142853469,
107,13,13,0.999999923077,
108,8,8,0.999999875,
109,13,12,0.923076852071,
110,12,11,0.916666590278,
111,18,9,0.499999972222,
112,8,7,0.874999890625,
113,35,12,0.342857133061,
114,7,6,0.857142734694,
115,12,11,0.916666590278,
116,9,4,0.444444395062,
117,4,4,0.99999975,
118,10,10,0.9999999,
119,9,9,0.999999888889,
120,10,8,0.79999992,
121,9,0,0.0,
Average precision= 0.693096817193