line number,total connectivity in output,total connectivity in gt intersect output,precision
1,22,22,0.999999954545,
2,90,86,0.955555544938,
3,75,75,0.999999986667,
4,86,83,0.965116267847,
5,36,35,0.972222195216,
6,4,4,0.99999975,
7,42,25,0.595238081066,
8,6,5,0.833333194444,
9,12,5,0.416666631944,
10,35,23,0.657142838367,
11,35,9,0.257142849796,
12,48,27,0.562499988281,
13,80,27,0.337499995781,
14,36,0,0.0,
15,36,0,0.0,
16,29,0,0.0,
17,37,24,0.648648631118,
18,29,1,0.0344827574316,
19,36,20,0.555555540123,
20,29,5,0.172413787158,
21,0,0,0.0,
22,23,1,0.0434782589792,
23,35,29,0.828571404898,
24,27,10,0.370370356653,
25,6,3,0.499999916667,
26,26,25,0.961538424556,
27,29,29,0.999999965517,
28,20,19,0.9499999525,
29,3,3,0.999999666667,
30,36,30,0.833333310185,
31,29,21,0.724137906064,
32,15,13,0.866666608889,
33,1,0,0.0,
34,27,14,0.518518499314,
35,23,22,0.956521697543,
36,47,20,0.42553190584,
37,21,21,0.999999952381,
38,23,23,0.999999956522,
39,18,18,0.999999944444,
40,3,2,0.666666444445,
41,6,6,0.999999833333,
42,26,13,0.499999980769,
43,30,16,0.533333315556,
44,0,0,0.0,
45,13,13,0.999999923077,
46,4,1,0.2499999375,
47,27,18,0.666666641975,
48,32,29,0.90624997168,
49,39,27,0.692307674556,
50,19,15,0.789473642659,
51,31,27,0.87096771384,
52,78,33,0.423076917653,
53,43,9,0.209302320714,
54,11,11,0.999999909091,
55,35,23,0.657142838367,
56,35,8,0.228571422041,
57,35,31,0.885714260408,
58,25,19,0.7599999696,
59,5,3,0.59999988,
60,10,10,0.9999999,
Average precision= 0.626360970327