line number,total connectivity in output,total connectivity in gt intersect output,precision
1,11,10,0.909090826446,
2,12,9,0.7499999375,
3,6,6,0.999999833333,
4,10,9,0.89999991,
5,6,6,0.999999833333,
6,10,6,0.59999994,
7,8,6,0.74999990625,
8,27,9,0.333333320988,
9,7,7,0.999999857143,
10,9,7,0.777777691358,
11,9,8,0.888888790123,
12,16,6,0.374999976563,
13,0,0,0.0,
14,9,9,0.999999888889,
15,9,8,0.888888790123,
16,7,7,0.999999857143,
17,13,12,0.923076852071,
18,23,10,0.434782589792,
19,17,12,0.705882311419,
20,0,0,0.0,
21,27,10,0.370370356653,
22,8,8,0.999999875,
23,7,7,0.999999857143,
24,9,6,0.666666592593,
25,6,6,0.999999833333,
26,7,7,0.999999857143,
27,7,7,0.999999857143,
28,17,11,0.647058785467,
29,40,5,0.124999996875,
30,23,9,0.391304330813,
31,28,9,0.321428559949,
32,29,18,0.620689633769,
33,6,6,0.999999833333,
34,29,1,0.0344827574316,
35,29,10,0.344827574316,
36,29,15,0.517241361474,
37,17,3,0.176470577855,
38,6,5,0.833333194444,
39,17,17,0.999999941176,
40,40,13,0.324999991875,
41,12,12,0.999999916667,
42,40,26,0.64999998375,
43,9,8,0.888888790123,
44,16,12,0.749999953125,
45,34,18,0.529411749135,
46,6,6,0.999999833333,
47,37,24,0.648648631118,
48,8,8,0.999999875,
49,12,8,0.666666611111,
50,21,17,0.809523770975,
51,8,7,0.874999890625,
52,28,10,0.357142844388,
53,28,17,0.607142835459,
54,5,5,0.9999998,
55,61,11,0.180327865896,
56,61,19,0.31147540473,
57,29,12,0.41379308918,
58,61,9,0.147540981188,
59,69,20,0.289855068263,
60,31,10,0.322580634755,
61,31,17,0.548387079084,
62,19,19,0.999999947368,
63,19,18,0.947368371191,
64,18,17,0.944444391975,
65,29,15,0.517241361474,
66,2,2,0.9999995,
67,20,18,0.899999955,
68,10,10,0.9999999,
Average precision= 0.675235748753