line number,total connectivity in output,total connectivity in gt intersect output,precision
1,6,6,0.999999833333,
2,7,7,0.999999857143,
3,4,4,0.99999975,
4,6,5,0.833333194444,
5,6,5,0.833333194444,
6,3,0,0.0,
7,4,4,0.99999975,
8,29,6,0.20689654459,
9,26,5,0.192307684911,
10,3,1,0.333333222222,
11,8,5,0.624999921875,
12,0,0,0.0,
13,3,1,0.333333222222,
14,22,19,0.86363632438,
15,26,17,0.653846128698,
16,48,17,0.354166659288,
17,25,20,0.799999968,
18,29,21,0.724137906064,
19,29,1,0.0344827574316,
20,30,0,0.0,
21,30,22,0.733333308889,
22,30,5,0.166666661111,
23,23,23,0.999999956522,
24,27,1,0.0370370356653,
25,4,4,0.99999975,
26,27,18,0.666666641975,
27,27,5,0.185185178326,
28,20,20,0.99999995,
29,4,4,0.99999975,
30,32,8,0.249999992188,
31,16,14,0.874999945313,
32,32,2,0.0624999980469,
33,27,17,0.62962960631,
34,39,11,0.282051274819,
35,30,22,0.733333308889,
36,30,6,0.199999993333,
37,28,26,0.928571395408,
38,0,0,0.0,
39,13,13,0.999999923077,
40,16,14,0.874999945313,
41,21,21,0.999999952381,
42,18,18,0.999999944444,
43,21,21,0.999999952381,
44,23,23,0.999999956522,
45,17,16,0.941176415225,
46,19,18,0.947368371191,
47,19,19,0.999999947368,
Average precision= 0.623432427101