line number,total connectivity in output,total connectivity in gt intersect output,precision
1,14,14,0.999999928571,
2,13,11,0.846153781065,
3,24,24,0.999999958333,
4,20,20,0.99999995,
5,24,24,0.999999958333,
6,25,25,0.99999996,
7,25,21,0.8399999664,
8,61,15,0.245901635313,
9,31,0,0.0,
10,31,0,0.0,
11,30,25,0.833333305556,
12,31,24,0.774193523413,
13,46,14,0.304347819471,
14,61,31,0.50819671298,
15,50,13,0.2599999948,
16,61,1,0.0163934423542,
17,17,3,0.176470577855,
18,66,23,0.348484843205,
19,5,2,0.39999992,
20,5,5,0.9999998,
21,52,29,0.557692296967,
22,6,4,0.666666555556,
23,5,4,0.79999984,
24,39,26,0.666666649573,
25,30,10,0.333333322222,
26,49,27,0.551020396918,
27,36,9,0.249999993056,
28,8,8,0.999999875,
29,28,13,0.464285697704,
30,48,25,0.520833322483,
31,35,9,0.257142849796,
32,46,24,0.521739119093,
33,6,6,0.999999833333,
34,13,13,0.999999923077,
35,20,18,0.899999955,
36,9,0,0.0,
37,9,7,0.777777691358,
38,7,6,0.857142734694,
39,37,28,0.756756736304,
40,9,9,0.999999888889,
41,8,8,0.999999875,
42,4,4,0.99999975,
43,10,7,0.69999993,
44,12,11,0.916666590278,
45,11,11,0.999999909091,
46,42,24,0.571428557823,
47,0,0,0.0,
48,11,10,0.909090826446,
49,3,2,0.666666444445,
50,73,27,0.369863008632,
51,24,10,0.416666649306,
52,25,1,0.0399999984,
53,12,12,0.999999916667,
54,19,5,0.263157880886,
55,25,5,0.199999992,
56,9,8,0.888888790123,
57,0,0,0.0,
58,12,10,0.833333263889,
59,0,0,0.0,
60,53,31,0.584905649341,
61,34,9,0.264705874567,
62,21,21,0.999999952381,
63,38,20,0.526315775623,
64,46,21,0.456521729206,
65,14,14,0.999999928571,
66,8,0,0.0,
67,0,0,0.0,
68,0,0,0.0,
69,14,14,0.999999928571,
70,0,0,0.0,
71,28,26,0.928571395408,
72,19,2,0.105263152355,
73,32,21,0.656249979492,
74,0,0,0.0,
75,21,6,0.285714272109,
76,51,20,0.392156855056,
77,21,2,0.0952380907029,
78,17,17,0.999999941176,
79,0,0,0.0,
80,0,0,0.0,
81,21,14,0.666666634921,
82,62,20,0.322580639958,
83,42,16,0.380952371882,
84,42,23,0.54761903458,
85,22,22,0.999999954545,
86,19,19,0.999999947368,
87,39,34,0.871794849441,
88,13,12,0.923076852071,
89,48,33,0.687499985677,
90,25,17,0.6799999728,
91,25,2,0.0799999968,
92,0,0,0.0,
93,10,5,0.49999995,
94,2,1,0.49999975,
95,50,35,0.699999986,
96,49,13,0.265306117035,
97,0,0,0.0,
98,80,0,0.0,
99,52,23,0.442307683802,
100,0,0,0.0,
101,43,17,0.395348828015,
102,37,11,0.297297289262,
103,80,17,0.212499997344,
104,6,5,0.833333194444,
105,58,14,0.241379306183,
106,19,17,0.894736795014,
107,11,6,0.545454495868,
108,15,15,0.999999933333,
109,13,11,0.846153781065,
110,6,6,0.999999833333,
Average precision= 0.539454025881