line number,total connectivity in output,total connectivity in gt intersect output,precision
1,102,52,0.509803916571,
2,16,13,0.812499949219,
3,117,55,0.470085466068,
4,63,52,0.825396812295,
5,94,11,0.117021275351,
6,12,11,0.916666590278,
7,23,22,0.956521697543,
8,12,3,0.249999979167,
9,39,3,0.0769230749507,
10,27,23,0.851851820302,
11,12,2,0.166666652778,
12,106,1,0.00943396217515,
13,20,19,0.9499999525,
14,94,2,0.0212765955183,
15,94,16,0.170212764147,
16,20,20,0.99999995,
17,19,19,0.999999947368,
18,20,20,0.99999995,
19,23,22,0.956521697543,
20,22,20,0.909090867769,
21,20,19,0.9499999525,
22,15,15,0.999999933333,
23,19,19,0.999999947368,
24,21,18,0.857142816327,
25,24,21,0.874999963542,
Average precision= 0.666084621384