line number,total connectivity in output,total connectivity in gt intersect output,precision
1,94,88,0.936170202807,
2,89,87,0.977528078904,
3,0,0,0.0,
4,20,20,0.99999995,
5,2,2,0.9999995,
6,99,95,0.959595949903,
7,104,51,0.490384610669,
8,104,99,0.95192306777,
9,0,0,0.0,
10,100,100,0.99999999,
11,84,83,0.988095226332,
12,231,91,0.393939392234,
13,135,94,0.696296291139,
14,163,93,0.570552143739,
15,32,19,0.593749981445,
16,25,12,0.4799999808,
17,20,18,0.899999955,
18,28,22,0.785714257653,
19,24,21,0.874999963542,
20,25,18,0.7199999712,
21,26,15,0.576923054734,
22,28,19,0.678571404337,
23,50,25,0.49999999,
24,33,11,0.333333323232,
25,13,0,0.0,
26,10,5,0.49999995,
27,104,45,0.432692303532,
28,49,13,0.265306117035,
29,0,0,0.0,
30,13,6,0.461538426036,
31,36,26,0.72222220216,
32,0,0,0.0,
33,10,5,0.49999995,
34,23,20,0.869565179584,
35,0,0,0.0,
36,0,0,0.0,
37,27,25,0.925925891632,
38,0,0,0.0,
39,0,0,0.0,
40,21,15,0.714285680272,
41,6,5,0.833333194444,
42,21,0,0.0,
43,21,0,0.0,
44,24,20,0.833333298611,
45,22,22,0.999999954545,
46,32,26,0.812499974609,
47,28,21,0.749999973214,
48,53,22,0.415094331791,
49,31,15,0.483870952133,
50,0,0,0.0,
51,12,3,0.249999979167,
52,35,22,0.628571410612,
53,90,19,0.211111108765,
54,88,27,0.306818178332,
55,2,0,0.0,
56,54,9,0.16666666358,
57,49,14,0.285714279883,
58,54,5,0.0925925908779,
59,51,11,0.215686270281,
60,12,4,0.333333305556,
61,54,3,0.0555555545267,
62,72,20,0.27777777392,
63,94,0,0.0,
64,94,0,0.0,
65,68,68,0.999999985294,
66,94,0,0.0,
67,147,75,0.510204078162,
68,72,71,0.986111097415,
69,74,56,0.75675674653,
70,13,10,0.769230710059,
71,7,7,0.999999857143,
72,9,9,0.999999888889,
73,74,15,0.202702699963,
74,11,11,0.999999909091,
75,7,7,0.999999857143,
76,7,7,0.999999857143,
77,6,6,0.999999833333,
78,23,10,0.434782589792,
79,9,9,0.999999888889,
80,8,7,0.874999890625,
81,3,3,0.999999666667,
82,7,6,0.857142734694,
83,8,7,0.874999890625,
84,7,6,0.857142734694,
85,10,8,0.79999992,
86,4,4,0.99999975,
87,9,8,0.888888790123,
88,6,6,0.999999833333,
89,5,5,0.9999998,
90,3,3,0.999999666667,
91,20,15,0.7499999625,
92,6,6,0.999999833333,
93,5,5,0.9999998,
94,5,5,0.9999998,
95,3,3,0.999999666667,
96,6,6,0.999999833333,
97,5,5,0.9999998,
98,5,5,0.9999998,
99,20,4,0.19999999,
100,0,0,0.0,
Average precision= 0.595142289426