line number,connectivity in gt,connectivity in output,recall
1,15,15,1.0,
2,23,21,0.913043478261,
3,26,26,1.0,
4,18,18,1.0,
5,46,26,0.565217391304,
6,10,10,1.0,
7,1,0,0.0,
8,51,24,0.470588235294,
9,0
10,12,12,1.0,
11,9,9,1.0,
12,42,24,0.571428571429,
13,11,9,0.818181818182,
14,12,12,1.0,
15,39,18,0.461538461538,
16,13,12,0.923076923077,
17,0
18,26,17,0.653846153846,
19,3,3,1.0,
20,8,7,0.875,
21,38,23,0.605263157895,
22,13,12,0.923076923077,
23,12,11,0.916666666667,
24,54,25,0.462962962963,
25,6,6,1.0,
26,4,4,1.0,
27,8,8,1.0,
28,65,15,0.230769230769,
29,14,14,1.0,
30,16,14,0.875,
31,53,25,0.471698113208,
32,6,6,1.0,
33,31,21,0.677419354839,
34,13,11,0.846153846154,
35,14,11,0.785714285714,
36,46,26,0.565217391304,
37,12,12,1.0,
38,11,11,1.0,
39,41,21,0.512195121951,
40,4,4,1.0,
41,3,0,0.0,
42,14,14,1.0,
43,45,25,0.555555555556,
44,13,13,1.0,
45,3,3,1.0,
46,9,8,0.888888888889,
47,37,25,0.675675675676,
48,48,33,0.6875,
49,7,7,1.0,
50,33,23,0.69696969697,
51,17,17,1.0,
52,13,11,0.846153846154,
53,5,5,1.0,
54,1,0,0.0,
55,37,18,0.486486486486,
56,49,27,0.551020408163,
57,11,11,1.0,
58,33,24,0.727272727273,
59,3,3,1.0,
60,9,8,0.888888888889,
61,4,3,0.75,
62,28,17,0.607142857143,
63,15,15,1.0,
64,4,4,1.0,
65,5,4,0.8,
66,54,23,0.425925925926,
67,2,2,1.0,
68,1,0,0.0,
69,2,0,0.0,
70,39,22,0.564102564103,
71,2,1,0.5,
72,16,16,1.0,
73,15,14,0.933333333333,
74,8,7,0.875,
75,38,28,0.736842105263,
76,10,10,1.0,
77,12,12,1.0,
78,38,23,0.605263157895,
79,0
80,12,11,0.916666666667,
81,9,8,0.888888888889,
82,52,25,0.480769230769,
83,6,6,1.0,
84,2,1,0.5,
85,16,16,1.0,
86,47,23,0.489361702128,
87,1,0,0.0,
88,11,8,0.727272727273,
89,20,18,0.9,
90,3,0,0.0,
91,61,19,0.311475409836,
92,5,5,1.0,
93,0
94,21,20,0.952380952381,
95,6,5,0.833333333333,
96,7,0,0.0,
97,19,12,0.631578947368,
98,6,6,1.0,
99,3,0,0.0,
100,21,21,1.0,
101,14,13,0.928571428571,
102,11,8,0.727272727273,
103,9,8,0.888888888889,
104,7,7,1.0,
105,5,1,0.2,
average recall= 0.735668723847