line number,connectivity in gt,connectivity in output,recall
1,1,1,1.0,
2,18,13,0.722222222222,
3,25,20,0.8,
4,20,18,0.9,
5,22,19,0.863636363636,
6,14,12,0.857142857143,
7,4,3,0.75,
8,16,15,0.9375,
9,24,22,0.916666666667,
10,21,19,0.904761904762,
11,13,4,0.307692307692,
12,17,16,0.941176470588,
13,9,8,0.888888888889,
14,19,19,1.0,
15,13,12,0.923076923077,
16,18,17,0.944444444444,
17,5,5,1.0,
18,17,10,0.588235294118,
19,17,12,0.705882352941,
20,3,3,1.0,
21,23,20,0.869565217391,
22,19,18,0.947368421053,
23,3,1,0.333333333333,
24,11,8,0.727272727273,
25,21,17,0.809523809524,
26,8,7,0.875,
27,7,6,0.857142857143,
28,16,16,1.0,
29,19,19,1.0,
30,9,8,0.888888888889,
31,16,14,0.875,
32,17,17,1.0,
33,3,3,1.0,
34,27,19,0.703703703704,
35,23,16,0.695652173913,
36,3,2,0.666666666667,
37,14,9,0.642857142857,
38,1,0,0.0,
39,3,0,0.0,
40,9,8,0.888888888889,
41,15,10,0.666666666667,
42,14,14,1.0,
43,0
44,6,0,0.0,
45,13,13,1.0,
46,10,9,0.9,
47,34,18,0.529411764706,
48,14,13,0.928571428571,
49,25,17,0.68,
50,16,16,1.0,
51,3,1,0.333333333333,
52,35,33,0.942857142857,
53,22,14,0.636363636364,
54,49,19,0.387755102041,
55,26,26,1.0,
56,31,27,0.870967741935,
57,32,30,0.9375,
58,14,14,1.0,
59,29,27,0.931034482759,
60,14,9,0.642857142857,
61,37,34,0.918918918919,
62,35,25,0.714285714286,
63,2,0,0.0,
64,39,20,0.512820512821,
65,15,15,1.0,
66,16,16,1.0,
67,13,10,0.769230769231,
68,37,28,0.756756756757,
69,3,0,0.0,
70,57,21,0.368421052632,
71,1,0,0.0,
72,32,20,0.625,
73,57,21,0.368421052632,
74,39,25,0.641025641026,
75,4,3,0.75,
76,38,27,0.710526315789,
77,8,0,0.0,
78,9,4,0.444444444444,
79,47,27,0.574468085106,
80,1,1,1.0,
81,9,7,0.777777777778,
82,13,11,0.846153846154,
83,50,33,0.66,
84,5,5,1.0,
85,13,12,0.923076923077,
86,11,7,0.636363636364,
87,20,15,0.75,
88,6,6,1.0,
89,2,0,0.0,
90,50,18,0.36,
91,20,18,0.9,
92,21,19,0.904761904762,
93,26,20,0.769230769231,
94,0
95,11,11,1.0,
96,32,28,0.875,
97,32,27,0.84375,
98,36,21,0.583333333333,
99,8,0,0.0,
100,5,2,0.4,
101,4,4,1.0,
102,42,38,0.904761904762,
103,40,35,0.875,
104,45,28,0.622222222222,
105,6,6,1.0,
106,32,28,0.875,
107,6,4,0.666666666667,
108,34,19,0.558823529412,
109,0
110,22,21,0.954545454545,
111,5,3,0.6,
112,7,3,0.428571428571,
113,39,30,0.769230769231,
114,17,17,1.0,
115,7,5,0.714285714286,
116,53,22,0.415094339623,
117,0
118,10,6,0.6,
119,2,1,0.5,
120,47,16,0.340425531915,
121,8,7,0.875,
122,35,23,0.657142857143,
123,6,6,1.0,
124,41,16,0.390243902439,
125,6,6,1.0,
126,7,7,1.0,
127,3,0,0.0,
128,8,7,0.875,
129,19,13,0.684210526316,
130,8,8,1.0,
131,5,5,1.0,
132,5,3,0.6,
133,42,19,0.452380952381,
134,7,6,0.857142857143,
135,8,2,0.25,
136,1,1,1.0,
137,5,0,0.0,
138,3,1,0.333333333333,
139,1,0,0.0,
140,20,17,0.85,
141,55,22,0.4,
142,10,5,0.5,
143,22,21,0.954545454545,
144,22,20,0.909090909091,
145,4,0,0.0,
146,15,12,0.8,
147,5,1,0.2,
148,23,14,0.608695652174,
149,22,18,0.818181818182,
150,17,13,0.764705882353,
151,15,10,0.666666666667,
152,20,9,0.45,
153,18,16,0.888888888889,
154,11,11,1.0,
155,19,18,0.947368421053,
156,14,7,0.5,
157,12,10,0.833333333333,
158,13,12,0.923076923077,
159,23,16,0.695652173913,
160,8,7,0.875,
161,23,13,0.565217391304,
162,21,18,0.857142857143,
163,14,11,0.785714285714,
164,31,20,0.645161290323,
165,27,18,0.666666666667,
166,16,14,0.875,
167,1,0,0.0,
168,5,4,0.8,
169,6,6,1.0,
170,10,8,0.8,
171,8,6,0.75,
172,11,9,0.818181818182,
173,2,2,1.0,
174,5,5,1.0,
175,5,2,0.4,
176,3,0,0.0,
177,12,9,0.75,
178,5,5,1.0,
179,6,4,0.666666666667,
180,5,3,0.6,
181,4,4,1.0,
182,6,1,0.166666666667,
183,1,0,0.0,
184,5,3,0.6,
average recall= 0.697966567662