line number,connectivity in gt,connectivity in output,recall
1,61,59,0.967213114754,
2,61,60,0.983606557377,
3,67,65,0.970149253731,
4,67,63,0.940298507463,
5,65,60,0.923076923077,
6,62,62,1.0,
7,56,56,1.0,
8,72,71,0.986111111111,
9,35,23,0.657142857143,
10,16,16,1.0,
11,56,33,0.589285714286,
12,14,12,0.857142857143,
13,17,17,1.0,
14,59,27,0.457627118644,
15,22,22,1.0,
16,41,16,0.390243902439,
17,17,17,1.0,
18,16,16,1.0,
19,41,15,0.365853658537,
20,17,17,1.0,
21,20,19,0.95,
22,44,12,0.272727272727,
23,1,0,0.0,
24,15,15,1.0,
25,1,0,0.0,
26,1,0,0.0,
27,26,21,0.807692307692,
28,0
29,16,15,0.9375,
30,2,2,1.0,
31,1,1,1.0,
32,33,21,0.636363636364,
33,3,3,1.0,
34,18,18,1.0,
35,16,16,1.0,
36,30,20,0.666666666667,
37,15,14,0.933333333333,
38,29,25,0.862068965517,
39,17,17,1.0,
40,58,23,0.396551724138,
41,15,15,1.0,
42,31,24,0.774193548387,
43,16,15,0.9375,
44,33,17,0.515151515152,
45,6,5,0.833333333333,
46,7,7,1.0,
47,10,8,0.8,
48,8,8,1.0,
49,13,9,0.692307692308,
50,44,31,0.704545454545,
51,1,0,0.0,
52,8,6,0.75,
53,13,13,1.0,
54,2,2,1.0,
55,14,13,0.928571428571,
56,40,28,0.7,
57,11,10,0.909090909091,
58,3,3,1.0,
59,15,14,0.933333333333,
60,1,1,1.0,
61,30,15,0.5,
62,16,16,1.0,
63,3,1,0.333333333333,
64,2,0,0.0,
65,17,17,1.0,
66,2,0,0.0,
67,4,0,0.0,
68,32,23,0.71875,
69,6,6,1.0,
70,17,17,1.0,
71,1,0,0.0,
72,8,8,1.0,
73,4,4,1.0,
74,42,25,0.595238095238,
75,1,0,0.0,
76,4,4,1.0,
77,14,12,0.857142857143,
78,14,12,0.857142857143,
79,37,20,0.540540540541,
80,13,11,0.846153846154,
81,20,19,0.95,
82,15,15,1.0,
83,51,24,0.470588235294,
84,20,16,0.8,
85,17,16,0.941176470588,
86,40,21,0.525,
87,19,19,1.0,
88,22,11,0.5,
89,4,1,0.25,
90,0
91,0
92,34,28,0.823529411765,
93,1,1,1.0,
94,5,1,0.2,
95,4,3,0.75,
96,3,2,0.666666666667,
97,7,5,0.714285714286,
98,6,6,1.0,
99,36,20,0.555555555556,
100,6,6,1.0,
101,7,1,0.142857142857,
102,6,0,0.0,
103,4,2,0.5,
104,3,0,0.0,
105,5,4,0.8,
106,9,9,1.0,
107,2,1,0.5,
108,32,19,0.59375,
109,2,2,1.0,
110,8,7,0.875,
111,3,0,0.0,
112,1,1,1.0,
113,32,22,0.6875,
114,7,7,1.0,
115,2,0,0.0,
116,2,0,0.0,
117,2,0,0.0,
118,3,2,0.666666666667,
119,0
120,41,17,0.414634146341,
121,3,3,1.0,
122,57,56,0.982456140351,
123,25,25,1.0,
124,25,25,1.0,
125,6,6,1.0,
126,55,55,1.0,
127,49,46,0.938775510204,
128,50,49,0.98,
129,2,2,1.0,
130,2,0,0.0,
131,63,61,0.968253968254,
132,2,2,1.0,
133,2,2,1.0,
134,5,5,1.0,
135,3,0,0.0,
136,4,4,1.0,
137,2,0,0.0,
138,2,2,1.0,
139,26,23,0.884615384615,
140,7,5,0.714285714286,
141,2,0,0.0,
142,35,34,0.971428571429,
143,3,0,0.0,
144,4,0,0.0,
average recall= 0.707457210897