line number,connectivity in gt,connectivity in output,recall
1,52,47,0.903846153846,
2,47,40,0.851063829787,
3,47,45,0.957446808511,
4,59,59,1.0,
5,49,48,0.979591836735,
6,56,45,0.803571428571,
7,19,18,0.947368421053,
8,7,2,0.285714285714,
9,0
10,10,2,0.2,
11,0
12,19,17,0.894736842105,
13,10,2,0.2,
14,14,14,1.0,
15,41,22,0.536585365854,
16,15,15,1.0,
17,59,24,0.406779661017,
18,17,17,1.0,
19,12,11,0.916666666667,
20,44,26,0.590909090909,
21,17,14,0.823529411765,
22,43,28,0.651162790698,
23,0
24,16,16,1.0,
25,3,2,0.666666666667,
26,49,27,0.551020408163,
27,13,10,0.769230769231,
28,0
29,1,0,0.0,
30,16,15,0.9375,
31,40,24,0.6,
32,19,19,1.0,
33,57,30,0.526315789474,
34,11,11,1.0,
35,1,0,0.0,
36,42,28,0.666666666667,
37,12,10,0.833333333333,
38,2,0,0.0,
39,7,2,0.285714285714,
40,28,22,0.785714285714,
41,14,14,1.0,
42,3,3,1.0,
43,14,14,1.0,
44,3,3,1.0,
45,43,26,0.604651162791,
46,3,0,0.0,
47,14,12,0.857142857143,
48,45,28,0.622222222222,
49,1,0,0.0,
50,9,5,0.555555555556,
51,4,2,0.5,
52,15,15,1.0,
53,55,25,0.454545454545,
54,1,0,0.0,
55,1,0,0.0,
56,10,10,1.0,
57,47,23,0.489361702128,
58,10,10,1.0,
59,48,30,0.625,
60,14,10,0.714285714286,
61,1,1,1.0,
62,34,19,0.558823529412,
63,12,12,1.0,
64,2,0,0.0,
65,7,2,0.285714285714,
66,14,12,0.857142857143,
67,26,16,0.615384615385,
68,19,17,0.894736842105,
69,42,19,0.452380952381,
70,2,1,0.5,
71,13,13,1.0,
72,33,20,0.606060606061,
73,14,14,1.0,
74,45,20,0.444444444444,
75,12,9,0.75,
76,15,13,0.866666666667,
77,50,31,0.62,
78,3,1,0.333333333333,
79,10,5,0.5,
80,12,11,0.916666666667,
81,23,10,0.434782608696,
82,11,7,0.636363636364,
83,5,1,0.2,
84,40,25,0.625,
85,8,6,0.75,
86,45,26,0.577777777778,
87,58,28,0.48275862069,
88,5,3,0.6,
89,41,29,0.707317073171,
90,44,32,0.727272727273,
91,57,51,0.894736842105,
92,16,15,0.9375,
93,32,31,0.96875,
94,53,53,1.0,
95,52,52,1.0,
96,0
97,3,2,0.666666666667,
average recall= 0.66743674151