line number,connectivity in gt,connectivity in output,recall
1,52,52,1.0,
2,54,13,0.240740740741,
3,58,55,0.948275862069,
4,60,52,0.866666666667,
5,11,11,1.0,
6,13,11,0.846153846154,
7,25,22,0.88,
8,3,3,1.0,
9,4,3,0.75,
10,24,23,0.958333333333,
11,2,2,1.0,
12,3,1,0.333333333333,
13,20,19,0.95,
14,2,2,1.0,
15,18,16,0.888888888889,
16,22,20,0.909090909091,
17,22,19,0.863636363636,
18,20,20,1.0,
19,22,22,1.0,
20,21,20,0.952380952381,
21,21,19,0.904761904762,
22,18,15,0.833333333333,
23,19,19,1.0,
24,20,18,0.9,
25,24,21,0.875,
average recall= 0.876023845376