line number,connectivity in gt,connectivity in output,recall
1,48,48,1.0,
2,43,43,1.0,
3,23,22,0.95652173913,
4,20,17,0.85,
5,26,21,0.807692307692,
6,22,22,1.0,
7,18,15,0.833333333333,
8,18,15,0.833333333333,
9,25,22,0.88,
10,16,16,1.0,
11,15,13,0.866666666667,
12,31,26,0.838709677419,
13,23,22,0.95652173913,
14,18,16,0.888888888889,
15,15,13,0.866666666667,
16,24,21,0.875,
17,15,11,0.733333333333,
18,23,19,0.826086956522,
19,27,24,0.888888888889,
average recall= 0.889560185842