line number,connectivity in gt,connectivity in output,recall
1,2,2,1.0,
2,40,18,0.45,
3,35,17,0.485714285714,
4,8,8,1.0,
5,15,15,1.0,
6,0
7,24,19,0.791666666667,
8,12,11,0.916666666667,
9,41,25,0.609756097561,
10,21,21,1.0,
11,22,22,1.0,
12,53,31,0.584905660377,
13,25,25,1.0,
14,21,20,0.952380952381,
15,45,20,0.444444444444,
16,42,25,0.595238095238,
17,3,3,1.0,
18,47,26,0.553191489362,
19,2,2,1.0,
20,50,28,0.56,
21,53,36,0.679245283019,
22,14,14,1.0,
23,15,14,0.933333333333,
24,31,16,0.516129032258,
25,1,1,1.0,
26,34,22,0.647058823529,
27,39,19,0.487179487179,
28,36,12,0.333333333333,
29,33,22,0.666666666667,
30,2,0,0.0,
31,38,18,0.473684210526,
32,57,28,0.491228070175,
33,11,10,0.909090909091,
34,5,5,1.0,
35,40,23,0.575,
36,15,8,0.533333333333,
37,5,4,0.8,
38,49,24,0.489795918367,
39,2,0,0.0,
40,32,31,0.96875,
41,0
42,3,2,0.666666666667,
43,42,15,0.357142857143,
44,9,9,1.0,
45,7,6,0.857142857143,
46,6,5,0.833333333333,
47,13,5,0.384615384615,
48,6,4,0.666666666667,
49,10,3,0.3,
50,13,13,1.0,
51,5,5,1.0,
52,48,26,0.541666666667,
53,10,10,1.0,
54,9,9,1.0,
55,5,5,1.0,
56,15,15,1.0,
57,38,26,0.684210526316,
58,15,14,0.933333333333,
59,13,13,1.0,
60,34,19,0.558823529412,
61,13,13,1.0,
62,20,12,0.6,
63,4,1,0.25,
64,6,6,1.0,
65,14,14,1.0,
66,39,28,0.717948717949,
67,16,16,1.0,
68,21,20,0.952380952381,
69,8,8,1.0,
70,22,22,1.0,
71,6,6,1.0,
72,26,24,0.923076923077,
73,13,13,1.0,
74,30,29,0.966666666667,
75,4,4,1.0,
76,21,21,1.0,
77,9,8,0.888888888889,
average recall= 0.76707142306