line number,connectivity in gt,connectivity in output,recall
1,10,10,1.0,
2,9,9,1.0,
3,9,6,0.666666666667,
4,10,9,0.9,
5,7,6,0.857142857143,
6,7,6,0.857142857143,
7,6,6,1.0,
8,10,9,0.9,
9,9,7,0.777777777778,
10,10,7,0.7,
11,9,8,0.888888888889,
12,11,6,0.545454545455,
13,2,0,0.0,
14,10,9,0.9,
15,10,8,0.8,
16,9,7,0.777777777778,
17,13,12,0.923076923077,
18,11,10,0.909090909091,
19,13,12,0.923076923077,
20,1,0,0.0,
21,12,10,0.833333333333,
22,8,8,1.0,
23,10,7,0.7,
24,7,6,0.857142857143,
25,7,6,0.857142857143,
26,7,7,1.0,
27,9,7,0.777777777778,
28,12,11,0.916666666667,
29,6,5,0.833333333333,
30,9,9,1.0,
31,9,9,1.0,
32,19,18,0.947368421053,
33,9,6,0.666666666667,
34,1,1,1.0,
35,11,10,0.909090909091,
36,15,15,1.0,
37,3,3,1.0,
38,6,5,0.833333333333,
39,20,17,0.85,
40,13,13,1.0,
41,13,12,0.923076923077,
42,26,26,1.0,
43,10,8,0.8,
44,12,12,1.0,
45,19,18,0.947368421053,
46,7,6,0.857142857143,
47,27,24,0.888888888889,
48,8,8,1.0,
49,10,8,0.8,
50,23,16,0.695652173913,
51,8,7,0.875,
52,10,10,1.0,
53,18,17,0.944444444444,
54,5,5,1.0,
55,11,11,1.0,
56,21,19,0.904761904762,
57,13,12,0.923076923077,
58,11,9,0.818181818182,
59,25,18,0.72,
60,11,10,0.909090909091,
61,20,17,0.85,
62,19,19,1.0,
63,18,18,1.0,
64,18,17,0.944444444444,
65,16,15,0.9375,
66,3,2,0.666666666667,
67,21,17,0.809523809524,
68,10,10,1.0,
average recall= 0.860629006851