line number,connectivity in gt,connectivity in output,recall
1,18,18,1.0,
2,21,17,0.809523809524,
3,22,19,0.863636363636,
4,19,16,0.842105263158,
5,15,15,1.0,
6,24,21,0.875,
7,15,13,0.866666666667,
8,18,16,0.888888888889,
9,21,11,0.52380952381,
10,16,15,0.9375,
11,19,18,0.947368421053,
12,17,14,0.823529411765,
13,15,14,0.933333333333,
14,16,15,0.9375,
15,16,16,1.0,
16,19,17,0.894736842105,
17,14,11,0.785714285714,
18,20,19,0.95,
19,20,18,0.9,
20,14,12,0.857142857143,
21,19,17,0.894736842105,
22,19,16,0.842105263158,
23,19,17,0.894736842105,
24,18,16,0.888888888889,
25,18,16,0.888888888889,
26,17,17,1.0,
27,19,19,1.0,
28,23,16,0.695652173913,
29,20,18,0.9,
30,24,16,0.666666666667,
31,14,13,0.928571428571,
32,20,20,1.0,
33,3,0,0.0,
34,4,0,0.0,
35,8,7,0.875,
36,47,23,0.489361702128,
37,5,5,1.0,
38,40,25,0.625,
39,10,9,0.9,
40,13,11,0.846153846154,
41,49,27,0.551020408163,
42,2,2,1.0,
43,4,4,1.0,
44,13,11,0.846153846154,
45,35,27,0.771428571429,
46,17,10,0.588235294118,
47,7,7,1.0,
48,5,4,0.8,
49,13,11,0.846153846154,
50,5,4,0.8,
51,9,9,1.0,
52,4,4,1.0,
53,11,8,0.727272727273,
54,7,7,1.0,
55,10,7,0.7,
56,1,0,0.0,
57,33,26,0.787878787879,
58,4,3,0.75,
59,15,7,0.466666666667,
60,9,8,0.888888888889,
61,10,10,1.0,
62,17,14,0.823529411765,
63,34,20,0.588235294118,
64,15,15,1.0,
65,2,2,1.0,
66,18,17,0.944444444444,
67,31,25,0.806451612903,
68,3,0,0.0,
69,16,15,0.9375,
70,21,21,1.0,
71,66,29,0.439393939394,
72,23,21,0.913043478261,
73,44,27,0.613636363636,
74,20,19,0.95,
75,31,23,0.741935483871,
76,23,20,0.869565217391,
77,8,8,1.0,
78,22,13,0.590909090909,
79,42,27,0.642857142857,
80,23,17,0.739130434783,
81,39,20,0.512820512821,
82,12,10,0.833333333333,
83,20,19,0.95,
84,65,13,0.2,
85,10,9,0.9,
86,11,7,0.636363636364,
87,5,0,0.0,
88,24,15,0.625,
89,4,4,1.0,
90,1,1,1.0,
91,34,23,0.676470588235,
92,4,3,0.75,
93,14,13,0.928571428571,
94,12,12,1.0,
95,0
96,6,6,1.0,
97,2,0,0.0,
98,50,15,0.3,
99,11,9,0.818181818182,
100,2,2,1.0,
101,42,22,0.52380952381,
102,4,0,0.0,
103,13,10,0.769230769231,
104,1,0,0.0,
105,4,3,0.75,
106,13,10,0.769230769231,
107,41,28,0.682926829268,
108,6,5,0.833333333333,
109,13,11,0.846153846154,
110,9,9,1.0,
111,29,23,0.793103448276,
112,7,4,0.571428571429,
113,5,3,0.6,
114,14,5,0.357142857143,
115,4,3,0.75,
116,5,4,0.8,
117,5,0,0.0,
118,5,5,1.0,
119,41,17,0.414634146341,
120,3,3,1.0,
121,5,3,0.6,
122,1,1,1.0,
123,39,20,0.512820512821,
124,4,4,1.0,
125,3,0,0.0,
126,6,6,1.0,
127,38,26,0.684210526316,
128,8,7,0.875,
129,2,1,0.5,
130,0
131,0
132,33,20,0.606060606061,
133,5,4,0.8,
134,26,24,0.923076923077,
135,30,29,0.966666666667,
136,27,18,0.666666666667,
137,7,7,1.0,
138,26,25,0.961538461538,
139,9,8,0.888888888889,
140,46,27,0.586956521739,
141,25,21,0.84,
142,25,10,0.4,
143,13,12,0.923076923077,
144,26,25,0.961538461538,
145,26,24,0.923076923077,
146,30,27,0.9,
147,26,23,0.884615384615,
148,29,29,1.0,
149,23,18,0.782608695652,
150,6,0,0.0,
151,21,19,0.904761904762,
152,20,12,0.6,
153,13,9,0.692307692308,
154,25,18,0.72,
155,15,14,0.933333333333,
156,20,17,0.85,
157,18,15,0.833333333333,
158,10,8,0.8,
159,14,9,0.642857142857,
160,15,13,0.866666666667,
161,11,10,0.909090909091,
162,18,10,0.555555555556,
163,10,10,1.0,
164,4,4,1.0,
165,1,1,1.0,
166,9,8,0.888888888889,
167,6,5,0.833333333333,
168,5,0,0.0,
169,1,1,1.0,
170,9,9,1.0,
171,5,3,0.6,
172,4,1,0.25,
173,8,0,0.0,
174,6,5,0.833333333333,
175,10,8,0.8,
176,5,1,0.2,
177,4,4,1.0,
178,6,5,0.833333333333,
179,4,0,0.0,
180,2,0,0.0,
average recall= 0.742496509382