line number,connectivity in gt,connectivity in output,recall
1,90,81,0.9,
2,90,76,0.844444444444,
3,64,60,0.9375,
4,79,72,0.911392405063,
5,2,2,1.0,
6,74,71,0.959459459459,
7,23,22,0.95652173913,
8,40,36,0.9,
9,50,41,0.82,
10,9,9,1.0,
11,33,23,0.69696969697,
12,15,8,0.533333333333,
13,13,12,0.923076923077,
14,4,4,1.0,
15,32,30,0.9375,
16,2,2,1.0,
17,34,18,0.529411764706,
18,2,2,1.0,
19,1,0,0.0,
20,52,10,0.192307692308,
21,1,0,0.0,
22,23,18,0.782608695652,
23,17,14,0.823529411765,
24,18,16,0.888888888889,
25,19,17,0.894736842105,
26,19,18,0.947368421053,
27,29,11,0.379310344828,
28,11,8,0.727272727273,
29,2,0,0.0,
30,11,9,0.818181818182,
31,24,18,0.75,
32,39,31,0.794871794872,
33,33,18,0.545454545455,
34,7,7,1.0,
35,32,30,0.9375,
36,3,3,1.0,
37,36,15,0.416666666667,
38,6,6,1.0,
39,1,1,1.0,
40,2,2,1.0,
41,33,24,0.727272727273,
42,7,6,0.857142857143,
43,5,5,1.0,
44,8,6,0.75,
45,10,7,0.7,
46,10,6,0.6,
47,8,5,0.625,
48,28,24,0.857142857143,
49,7,7,1.0,
50,43,26,0.604651162791,
51,6,5,0.833333333333,
52,15,2,0.133333333333,
53,1,0,0.0,
54,0
55,0
56,7,7,1.0,
57,0
58,6,6,1.0,
59,31,25,0.806451612903,
60,6,6,1.0,
61,4,3,0.75,
62,49,23,0.469387755102,
63,4,3,0.75,
64,6,4,0.666666666667,
65,33,28,0.848484848485,
66,5,4,0.8,
67,0
68,18,17,0.944444444444,
69,34,25,0.735294117647,
70,38,19,0.5,
71,62,27,0.435483870968,
72,9,9,1.0,
73,38,20,0.526315789474,
74,40,19,0.475,
75,38,23,0.605263157895,
76,49,18,0.367346938776,
77,39,25,0.641025641026,
78,3,2,0.666666666667,
79,8,2,0.25,
80,3,3,1.0,
81,74,71,0.959459459459,
82,75,69,0.92,
83,68,63,0.926470588235,
84,71,60,0.845070422535,
85,82,75,0.914634146341,
86,65,64,0.984615384615,
87,50,42,0.84,
88,61,55,0.901639344262,
average recall= 0.749594104068