line number,connectivity in gt,connectivity in output,recall
1,4,4,1.0,
2,9,8,0.888888888889,
3,4,1,0.25,
4,5,3,0.6,
5,5,2,0.4,
6,1,0,0.0,
7,4,1,0.25,
8,8,7,0.875,
9,6,6,1.0,
10,4,3,0.75,
11,2,2,1.0,
12,7,7,1.0,
13,7,5,0.714285714286,
14,6,6,1.0,
15,7,1,0.142857142857,
16,10,9,0.9,
17,5,4,0.8,
18,4,4,1.0,
19,6,2,0.333333333333,
20,5,5,1.0,
21,11,11,1.0,
22,9,9,1.0,
23,5,5,1.0,
24,3,3,1.0,
25,1,0,0.0,
26,3,3,1.0,
27,1,0,0.0,
28,4,3,0.75,
29,0
30,0
31,2,0,0.0,
32,5,1,0.2,
33,7,0,0.0,
34,25,24,0.96,
35,18,18,1.0,
36,30,28,0.933333333333,
37,27,25,0.925925925926,
38,26,25,0.961538461538,
39,22,22,1.0,
40,25,25,1.0,
41,27,27,1.0,
42,22,21,0.954545454545,
43,23,23,1.0,
44,26,26,1.0,
45,25,25,1.0,
46,28,27,0.964285714286,
47,21,21,1.0,
48,20,20,1.0,
49,24,21,0.875,
50,29,28,0.965517241379,
51,27,25,0.925925925926,
52,28,27,0.964285714286,
53,27,26,0.962962962963,
54,24,24,1.0,
55,22,21,0.954545454545,
56,22,22,1.0,
57,2,2,1.0,
average recall= 0.785495113965