line number,connectivity in gt,connectivity in output,recall
1,7,0,0.0,
2,10,6,0.6,
3,10,8,0.8,
4,10,7,0.7,
5,9,7,0.777777777778,
6,9,8,0.888888888889,
7,9,8,0.888888888889,
8,13,10,0.769230769231,
9,7,3,0.428571428571,
10,2,2,1.0,
11,11,8,0.727272727273,
12,10,2,0.2,
13,3,3,1.0,
14,10,10,1.0,
15,15,14,0.933333333333,
16,8,4,0.5,
17,9,4,0.444444444444,
18,10,10,1.0,
19,3,2,0.666666666667,
20,3,3,1.0,
21,2,0,0.0,
22,13,12,0.923076923077,
23,13,9,0.692307692308,
24,30,27,0.9,
25,5,3,0.6,
26,21,18,0.857142857143,
27,13,12,0.923076923077,
28,21,20,0.952380952381,
29,4,1,0.25,
30,11,9,0.818181818182,
31,15,10,0.666666666667,
32,25,23,0.92,
33,11,3,0.272727272727,
34,18,18,1.0,
35,7,6,0.857142857143,
36,20,14,0.7,
37,20,19,0.95,
38,9,4,0.444444444444,
39,23,12,0.521739130435,
40,10,7,0.7,
41,21,20,0.952380952381,
42,5,5,1.0,
43,24,21,0.875,
44,18,15,0.833333333333,
45,0
46,25,21,0.84,
47,3,0,0.0,
48,5,1,0.2,
49,23,22,0.95652173913,
50,7,5,0.714285714286,
51,13,11,0.846153846154,
52,11,10,0.909090909091,
53,20,18,0.9,
54,21,21,1.0,
55,6,6,1.0,
56,20,20,1.0,
57,18,16,0.888888888889,
58,17,15,0.882352941176,
59,14,12,0.857142857143,
60,22,22,1.0,
61,6,4,0.666666666667,
62,11,10,0.909090909091,
63,5,3,0.6,
64,21,18,0.857142857143,
65,5,0,0.0,
66,6,3,0.5,
67,14,13,0.928571428571,
68,2,2,1.0,
69,9,7,0.777777777778,
70,2,0,0.0,
71,19,19,1.0,
72,13,12,0.923076923077,
73,8,2,0.25,
74,18,18,1.0,
75,17,12,0.705882352941,
76,14,13,0.928571428571,
77,22,20,0.909090909091,
78,15,13,0.866666666667,
79,1,0,0.0,
80,26,15,0.576923076923,
81,4,3,0.75,
82,11,11,1.0,
83,12,11,0.916666666667,
84,20,17,0.85,
85,11,10,0.909090909091,
86,3,2,0.666666666667,
87,24,22,0.916666666667,
88,10,10,1.0,
89,9,8,0.888888888889,
90,7,4,0.571428571429,
91,11,8,0.727272727273,
92,29,25,0.862068965517,
93,6,4,0.666666666667,
94,21,19,0.904761904762,
95,9,7,0.777777777778,
96,1,0,0.0,
97,7,4,0.571428571429,
98,8,7,0.875,
99,12,11,0.916666666667,
100,10,9,0.9,
101,15,9,0.6,
102,10,6,0.6,
103,10,9,0.9,
104,8,6,0.75,
105,0
106,12,9,0.75,
107,12,11,0.916666666667,
108,10,8,0.8,
109,11,6,0.545454545455,
110,11,10,0.909090909091,
111,6,5,0.833333333333,
112,5,5,1.0,
113,6,5,0.833333333333,
114,8,0,0.0,
115,3,3,1.0,
116,9,6,0.666666666667,
117,7,7,1.0,
118,4,0,0.0,
119,4,4,1.0,
120,5,0,0.0,
121,2,0,0.0,
122,3,0,0.0,
123,2,1,0.5,
124,3,0,0.0,
125,2,0,0.0,
126,8,6,0.75,
average recall= 0.704469126974