line number,connectivity in gt,connectivity in output,recall
1,8,6,0.75,
2,7,7,1.0,
3,4,4,1.0,
4,6,5,0.833333333333,
5,6,5,0.833333333333,
6,1,0,0.0,
7,4,4,1.0,
8,7,6,0.857142857143,
9,7,4,0.571428571429,
10,3,1,0.333333333333,
11,8,4,0.5,
12,1,0,0.0,
13,5,1,0.2,
14,19,19,1.0,
15,17,17,1.0,
16,18,17,0.944444444444,
17,21,20,0.952380952381,
18,23,21,0.913043478261,
19,1,1,1.0,
20,6,0,0.0,
21,22,22,1.0,
22,5,5,1.0,
23,24,23,0.958333333333,
24,4,0,0.0,
25,10,4,0.4,
26,18,18,1.0,
27,7,5,0.714285714286,
28,22,20,0.909090909091,
29,7,4,0.571428571429,
30,11,8,0.727272727273,
31,14,14,1.0,
32,4,2,0.5,
33,19,17,0.894736842105,
34,12,11,0.916666666667,
35,22,22,1.0,
36,6,6,1.0,
37,26,26,1.0,
38,1,0,0.0,
39,13,13,1.0,
40,14,14,1.0,
41,21,21,1.0,
42,18,18,1.0,
43,21,21,1.0,
44,23,23,1.0,
45,17,16,0.941176470588,
46,19,18,0.947368421053,
47,19,19,1.0,
average recall= 0.769548935308