line number,connectivity in gt,connectivity in output,recall
1,93,88,0.94623655914,
2,98,87,0.887755102041,
3,0
4,21,20,0.952380952381,
5,2,2,1.0,
6,100,95,0.95,
7,52,51,0.980769230769,
8,105,99,0.942857142857,
9,0
10,102,100,0.980392156863,
11,87,83,0.954022988506,
12,99,91,0.919191919192,
13,100,94,0.94,
14,103,93,0.902912621359,
15,26,19,0.730769230769,
16,27,12,0.444444444444,
17,35,18,0.514285714286,
18,50,20,0.4,
19,56,20,0.357142857143,
20,46,17,0.369565217391,
21,47,13,0.276595744681,
22,35,19,0.542857142857,
23,49,24,0.489795918367,
24,25,11,0.44,
25,3,0,0.0,
26,6,5,0.833333333333,
27,47,45,0.957446808511,
28,32,13,0.40625,
29,3,0,0.0,
30,6,6,1.0,
31,50,26,0.52,
32,3,0,0.0,
33,7,5,0.714285714286,
34,41,19,0.463414634146,
35,3,0,0.0,
36,1,0,0.0,
37,56,24,0.428571428571,
38,1,0,0.0,
39,1,0,0.0,
40,21,15,0.714285714286,
41,8,5,0.625,
42,0
43,2,0,0.0,
44,30,20,0.666666666667,
45,30,22,0.733333333333,
46,39,26,0.666666666667,
47,31,21,0.677419354839,
48,36,22,0.611111111111,
49,30,15,0.5,
50,0
51,3,3,1.0,
52,37,20,0.540540540541,
53,54,18,0.333333333333,
54,46,25,0.54347826087,
55,5,0,0.0,
56,10,9,0.9,
57,40,12,0.3,
58,7,4,0.571428571429,
59,24,11,0.458333333333,
60,5,4,0.8,
61,4,3,0.75,
62,37,19,0.513513513514,
63,1,0,0.0,
64,2,0,0.0,
65,72,68,0.944444444444,
66,0
67,81,75,0.925925925926,
68,78,71,0.910256410256,
69,59,56,0.949152542373,
70,11,10,0.909090909091,
71,8,6,0.75,
72,11,9,0.818181818182,
73,15,15,1.0,
74,12,11,0.916666666667,
75,7,7,1.0,
76,7,7,1.0,
77,7,6,0.857142857143,
78,12,10,0.833333333333,
79,10,9,0.9,
80,8,7,0.875,
81,7,3,0.428571428571,
82,7,6,0.857142857143,
83,7,7,1.0,
84,7,6,0.857142857143,
85,9,8,0.888888888889,
86,5,4,0.8,
87,11,8,0.727272727273,
88,7,6,0.857142857143,
89,5,5,1.0,
90,5,3,0.6,
91,16,15,0.9375,
92,6,6,1.0,
93,5,5,1.0,
94,5,5,1.0,
95,3,3,1.0,
96,6,6,1.0,
97,5,5,1.0,
98,5,5,1.0,
99,4,4,1.0,
100,1,0,0.0,
average recall= 0.670455197741