line number,connectivity in gt,connectivity in output,recall
1,26,24,0.923076923077,
2,17,17,1.0,
3,7,6,0.857142857143,
4,6,4,0.666666666667,
5,22,22,1.0,
6,2,2,1.0,
7,20,19,0.95,
8,22,22,1.0,
9,24,24,1.0,
10,20,20,1.0,
11,26,23,0.884615384615,
12,26,25,0.961538461538,
13,21,21,1.0,
14,22,21,0.954545454545,
15,23,23,1.0,
16,18,16,0.888888888889,
17,27,25,0.925925925926,
18,30,27,0.9,
19,21,20,0.952380952381,
20,22,22,1.0,
21,25,24,0.96,
22,22,21,0.954545454545,
23,26,24,0.923076923077,
24,22,21,0.954545454545,
25,23,21,0.913043478261,
26,10,7,0.7,
27,13,6,0.461538461538,
28,20,18,0.9,
29,7,5,0.714285714286,
30,7,7,1.0,
31,5,4,0.8,
32,9,8,0.888888888889,
33,7,5,0.714285714286,
34,8,7,0.875,
35,2,0,0.0,
average recall= 0.874971188692