line number,connectivity in gt,connectivity in output,recall
1,57,55,0.964912280702,
2,52,46,0.884615384615,
3,26,23,0.884615384615,
4,2,0,0.0,
5,28,26,0.928571428571,
6,57,54,0.947368421053,
7,32,28,0.875,
8,51,49,0.960784313725,
9,57,51,0.894736842105,
10,52,48,0.923076923077,
11,20,19,0.95,
12,7,6,0.857142857143,
13,26,17,0.653846153846,
14,21,12,0.571428571429,
15,10,6,0.6,
16,2,0,0.0,
17,10,5,0.5,
18,5,4,0.8,
19,50,25,0.5,
20,7,1,0.142857142857,
21,4,1,0.25,
22,6,6,1.0,
23,5,1,0.2,
24,27,16,0.592592592593,
25,22,20,0.909090909091,
26,16,15,0.9375,
27,39,12,0.307692307692,
28,19,17,0.894736842105,
29,2,1,0.5,
30,24,16,0.666666666667,
31,4,0,0.0,
32,1,0,0.0,
33,33,14,0.424242424242,
34,29,18,0.620689655172,
35,10,1,0.1,
36,2,0,0.0,
37,15,15,1.0,
38,8,7,0.875,
39,8,2,0.25,
40,16,13,0.8125,
41,23,17,0.739130434783,
42,4,4,1.0,
43,31,17,0.548387096774,
44,3,2,0.666666666667,
45,2,0,0.0,
46,13,13,1.0,
47,1,1,1.0,
48,11,10,0.909090909091,
49,4,1,0.25,
50,3,1,0.333333333333,
51,18,13,0.722222222222,
52,0
53,2,0,0.0,
54,1,1,1.0,
55,1,0,0.0,
56,22,17,0.772727272727,
57,25,13,0.52,
58,0
59,23,15,0.652173913043,
60,26,22,0.846153846154,
61,31,15,0.483870967742,
62,29,24,0.827586206897,
63,10,10,1.0,
64,5,4,0.8,
65,9,7,0.777777777778,
66,26,16,0.615384615385,
67,13,13,1.0,
68,12,9,0.75,
69,26,20,0.769230769231,
70,10,10,1.0,
71,28,17,0.607142857143,
72,13,11,0.846153846154,
73,0
74,0
75,10,1,0.1,
76,3,1,0.333333333333,
77,31,28,0.903225806452,
78,69,59,0.855072463768,
79,11,9,0.818181818182,
80,72,64,0.888888888889,
81,29,12,0.413793103448,
82,8,7,0.875,
83,68,65,0.955882352941,
84,72,69,0.958333333333,
85,76,70,0.921052631579,
86,65,63,0.969230769231,
87,17,17,1.0,
average recall= 0.657936076356