line number,connectivity in gt,connectivity in output,recall
1,18,13,0.722222222222,
2,14,12,0.857142857143,
3,14,13,0.928571428571,
4,18,13,0.722222222222,
5,6,6,1.0,
6,15,12,0.8,
7,8,7,0.875,
8,10,9,0.9,
9,12,11,0.916666666667,
10,10,10,1.0,
11,15,11,0.733333333333,
12,30,29,0.966666666667,
13,12,11,0.916666666667,
14,15,15,1.0,
15,23,19,0.826086956522,
16,12,9,0.75,
17,24,22,0.916666666667,
18,0
19,21,20,0.952380952381,
20,15,15,1.0,
21,29,24,0.827586206897,
22,10,9,0.9,
23,17,17,1.0,
24,11,11,1.0,
25,27,25,0.925925925926,
26,26,23,0.884615384615,
27,23,20,0.869565217391,
28,28,25,0.892857142857,
29,26,23,0.884615384615,
30,22,22,1.0,
31,30,26,0.866666666667,
32,22,21,0.954545454545,
33,18,17,0.944444444444,
34,29,25,0.862068965517,
35,27,24,0.888888888889,
36,24,21,0.875,
37,3,1,0.333333333333,
38,23,21,0.913043478261,
39,26,25,0.961538461538,
40,2,2,1.0,
41,23,22,0.95652173913,
42,26,20,0.769230769231,
43,24,22,0.916666666667,
44,24,23,0.958333333333,
45,3,3,1.0,
average recall= 0.890206229612