line number,connectivity in gt,connectivity in output,recall
1,7,7,1.0,
2,5,5,1.0,
3,7,7,1.0,
4,6,5,0.833333333333,
5,6,6,1.0,
6,4,2,0.5,
7,9,8,0.888888888889,
8,40,36,0.9,
9,4,4,1.0,
10,6,5,0.833333333333,
11,2,0,0.0,
12,1,0,0.0,
13,30,29,0.966666666667,
14,28,28,1.0,
15,54,51,0.944444444444,
16,59,58,0.983050847458,
17,52,52,1.0,
18,59,57,0.966101694915,
19,10,9,0.9,
20,37,29,0.783783783784,
21,11,9,0.818181818182,
22,53,49,0.924528301887,
23,36,36,1.0,
24,18,18,1.0,
25,61,58,0.950819672131,
26,43,30,0.697674418605,
27,61,57,0.934426229508,
28,57,53,0.929824561404,
29,38,31,0.815789473684,
30,29,24,0.827586206897,
31,34,27,0.794117647059,
32,49,20,0.408163265306,
33,5,5,1.0,
34,20,16,0.8,
35,5,5,1.0,
36,59,12,0.203389830508,
37,4,4,1.0,
38,3,2,0.666666666667,
39,0
40,11,7,0.636363636364,
41,29,9,0.310344827586,
42,2,0,0.0,
43,2,0,0.0,
44,7,5,0.714285714286,
45,48,32,0.666666666667,
46,1,0,0.0,
47,13,12,0.923076923077,
48,6,2,0.333333333333,
49,20,16,0.8,
50,10,8,0.8,
51,0
52,1,0,0.0,
53,35,27,0.771428571429,
54,2,0,0.0,
55,51,35,0.686274509804,
56,5,5,1.0,
57,56,22,0.392857142857,
58,2,0,0.0,
59,2,1,0.5,
60,61,29,0.475409836066,
61,2,2,1.0,
62,2,2,1.0,
63,28,22,0.785714285714,
64,3,3,1.0,
65,2,2,1.0,
66,3,3,1.0,
67,34,26,0.764705882353,
68,1,0,0.0,
69,5,2,0.4,
70,3,1,0.333333333333,
71,43,26,0.604651162791,
72,9,1,0.111111111111,
73,26,21,0.807692307692,
74,3,3,1.0,
75,36,27,0.75,
76,1,0,0.0,
77,6,1,0.166666666667,
78,1,0,0.0,
79,34,28,0.823529411765,
80,5,3,0.6,
81,1,0,0.0,
82,0
83,0
84,22,14,0.636363636364,
85,0
86,5,0,0.0,
87,3,3,1.0,
88,31,24,0.774193548387,
89,1,1,1.0,
90,39,27,0.692307692308,
91,2,0,0.0,
92,5,2,0.4,
93,31,25,0.806451612903,
94,5,5,1.0,
95,33,24,0.727272727273,
96,5,4,0.8,
97,46,21,0.45652173913,
98,3,3,1.0,
99,3,1,0.333333333333,
100,46,28,0.608695652174,
101,1,0,0.0,
102,3,3,1.0,
103,29,3,0.103448275862,
104,13,11,0.846153846154,
105,23,10,0.434782608696,
106,44,44,1.0,
107,48,41,0.854166666667,
108,50,46,0.92,
109,49,47,0.959183673469,
110,58,50,0.862068965517,
111,51,47,0.921568627451,
112,34,32,0.941176470588,
113,1,1,1.0,
114,1,1,1.0,
average recall= 0.674366105356