line number,connectivity in gt,connectivity in output,recall
1,3,3,1.0,
2,61,58,0.950819672131,
3,68,57,0.838235294118,
4,4,4,1.0,
5,48,47,0.979166666667,
6,58,57,0.98275862069,
7,65,63,0.969230769231,
8,64,58,0.90625,
9,2,0,0.0,
10,5,0,0.0,
11,28,28,1.0,
12,47,25,0.531914893617,
13,28,28,1.0,
14,37,36,0.972972972973,
15,33,32,0.969696969697,
16,27,27,1.0,
17,3,0,0.0,
18,30,26,0.866666666667,
19,27,27,1.0,
20,35,17,0.485714285714,
21,24,24,1.0,
22,22,22,1.0,
23,29,27,0.931034482759,
24,31,19,0.612903225806,
25,41,20,0.487804878049,
26,35,17,0.485714285714,
27,30,17,0.566666666667,
28,34,24,0.705882352941,
29,47,28,0.595744680851,
30,50,24,0.48,
31,39,17,0.435897435897,
32,41,27,0.658536585366,
33,7,3,0.428571428571,
34,64,25,0.390625,
35,5,1,0.2,
36,1,0,0.0,
37,11,11,1.0,
38,50,17,0.34,
39,2,0,0.0,
40,16,16,1.0,
41,7,5,0.714285714286,
42,51,18,0.352941176471,
43,16,14,0.875,
44,17,7,0.411764705882,
45,21,9,0.428571428571,
46,1,0,0.0,
47,3,1,0.333333333333,
48,15,14,0.933333333333,
49,21,18,0.857142857143,
50,47,23,0.489361702128,
51,3,1,0.333333333333,
52,44,29,0.659090909091,
53,14,9,0.642857142857,
54,13,12,0.923076923077,
55,43,29,0.674418604651,
56,21,17,0.809523809524,
57,16,15,0.9375,
58,43,20,0.46511627907,
59,34,20,0.588235294118,
60,6,6,1.0,
61,11,11,1.0,
62,42,23,0.547619047619,
63,20,18,0.9,
64,45,18,0.4,
65,21,12,0.571428571429,
66,56,16,0.285714285714,
67,14,13,0.928571428571,
68,18,17,0.944444444444,
69,44,25,0.568181818182,
70,18,18,1.0,
71,9,8,0.888888888889,
72,53,29,0.547169811321,
73,8,5,0.625,
74,5,0,0.0,
75,54,13,0.240740740741,
76,6,6,1.0,
77,1,1,1.0,
78,30,15,0.5,
79,81,77,0.950617283951,
80,66,64,0.969696969697,
81,67,66,0.985074626866,
82,66,57,0.863636363636,
83,59,59,1.0,
84,62,59,0.951612903226,
85,67,63,0.940298507463,
86,20,19,0.95,
average recall= 0.683260349683