line number,connectivity in gt,connectivity in output,recall
1,114,106,0.929824561404,
2,33,32,0.969696969697,
3,83,77,0.927710843373,
4,7,5,0.714285714286,
5,93,85,0.913978494624,
6,109,93,0.853211009174,
7,96,89,0.927083333333,
8,16,12,0.75,
9,100,90,0.9,
10,1,1,1.0,
11,22,21,0.954545454545,
12,31,29,0.935483870968,
13,0
14,26,13,0.5,
15,24,13,0.541666666667,
16,3,1,0.333333333333,
17,40,20,0.5,
18,4,2,0.5,
19,30,19,0.633333333333,
20,28,23,0.821428571429,
21,63,32,0.507936507937,
22,35,19,0.542857142857,
23,2,0,0.0,
24,34,21,0.617647058824,
25,12,11,0.916666666667,
26,8,5,0.625,
27,12,6,0.5,
28,10,10,1.0,
29,48,20,0.416666666667,
30,2,0,0.0,
31,6,4,0.666666666667,
32,1,1,1.0,
33,49,29,0.591836734694,
34,2,0,0.0,
35,29,20,0.689655172414,
36,5,4,0.8,
37,2,0,0.0,
38,31,20,0.645161290323,
39,1,1,1.0,
40,4,1,0.25,
41,2,2,1.0,
42,35,30,0.857142857143,
43,1,0,0.0,
44,36,29,0.805555555556,
45,9,6,0.666666666667,
46,2,2,1.0,
47,10,9,0.9,
48,1,0,0.0,
49,30,19,0.633333333333,
50,0
51,1,1,1.0,
52,0
53,42,21,0.5,
54,1,0,0.0,
55,4,0,0.0,
56,0
57,36,18,0.5,
58,0
59,2,1,0.5,
60,32,17,0.53125,
61,1,0,0.0,
62,4,3,0.75,
63,1,0,0.0,
64,32,24,0.75,
65,1,0,0.0,
66,0
67,20,15,0.75,
68,35,23,0.657142857143,
69,83,73,0.879518072289,
70,67,57,0.850746268657,
71,75,69,0.92,
72,25,16,0.64,
73,36,17,0.472222222222,
74,31,22,0.709677419355,
75,26,14,0.538461538462,
76,22,12,0.545454545455,
average recall= 0.610469248564