line number,connectivity in gt,connectivity in output,recall
1,39,22,0.564102564103,
2,14,14,1.0,
3,30,20,0.666666666667,
4,15,15,1.0,
5,0
6,31,20,0.645161290323,
7,0
8,10,10,1.0,
9,2,1,0.5,
10,2,0,0.0,
11,31,23,0.741935483871,
12,17,17,1.0,
13,10,9,0.9,
14,22,22,1.0,
15,2,0,0.0,
16,15,13,0.866666666667,
17,18,18,1.0,
18,1,0,0.0,
19,22,22,1.0,
20,12,8,0.666666666667,
21,39,23,0.589743589744,
22,0
23,32,20,0.625,
24,39,24,0.615384615385,
25,8,8,1.0,
26,52,13,0.25,
27,32,19,0.59375,
28,45,24,0.533333333333,
29,34,27,0.794117647059,
30,1,1,1.0,
31,37,24,0.648648648649,
32,11,11,1.0,
33,44,23,0.522727272727,
34,7,7,1.0,
35,32,24,0.75,
36,36,28,0.777777777778,
37,12,12,1.0,
38,40,24,0.6,
39,14,13,0.928571428571,
40,37,14,0.378378378378,
41,13,13,1.0,
42,8,1,0.125,
43,16,8,0.5,
44,0
45,35,16,0.457142857143,
46,38,20,0.526315789474,
47,41,26,0.634146341463,
48,1,1,1.0,
49,7,6,0.857142857143,
50,23,16,0.695652173913,
51,35,22,0.628571428571,
52,26,17,0.653846153846,
53,13,13,1.0,
54,23,10,0.434782608696,
55,14,14,1.0,
56,28,16,0.571428571429,
57,3,0,0.0,
58,10,7,0.7,
59,46,31,0.673913043478,
60,3,3,1.0,
average recall= 0.689581675983