line number,connectivity in gt,connectivity in output,recall
1,12,12,1.0,
2,12,11,0.916666666667,
3,15,15,1.0,
4,15,15,1.0,
5,17,15,0.882352941176,
6,7,7,1.0,
7,13,10,0.769230769231,
8,12,12,1.0,
9,9,9,1.0,
10,7,7,1.0,
11,2,1,0.5,
12,61,55,0.901639344262,
13,58,49,0.844827586207,
14,2,2,1.0,
15,56,55,0.982142857143,
16,21,19,0.904761904762,
17,54,54,1.0,
18,19,19,1.0,
19,15,15,1.0,
20,13,13,1.0,
21,53,53,1.0,
22,2,0,0.0,
23,34,28,0.823529411765,
24,27,22,0.814814814815,
25,3,3,1.0,
26,29,20,0.689655172414,
27,20,17,0.85,
28,25,22,0.88,
29,22,20,0.909090909091,
30,19,19,1.0,
31,24,18,0.75,
32,21,20,0.952380952381,
33,25,14,0.56,
34,22,12,0.545454545455,
35,0
36,8,8,1.0,
37,43,13,0.302325581395,
38,9,9,1.0,
39,39,22,0.564102564103,
40,9,9,1.0,
41,13,12,0.923076923077,
42,35,24,0.685714285714,
43,5,0,0.0,
44,2,2,1.0,
45,3,0,0.0,
46,35,26,0.742857142857,
47,11,11,1.0,
48,2,2,1.0,
49,8,5,0.625,
50,34,21,0.617647058824,
51,11,9,0.818181818182,
52,3,2,0.666666666667,
53,14,1,0.0714285714286,
54,10,10,1.0,
55,3,1,0.333333333333,
56,21,7,0.333333333333,
57,16,13,0.8125,
58,9,8,0.888888888889,
59,2,0,0.0,
60,4,3,0.75,
61,10,7,0.7,
62,29,19,0.655172413793,
63,1,0,0.0,
64,2,1,0.5,
65,2,1,0.5,
66,43,13,0.302325581395,
67,1,1,1.0,
68,3,3,1.0,
69,9,9,1.0,
70,4,0,0.0,
71,5,5,1.0,
72,48,13,0.270833333333,
73,8,7,0.875,
74,2,0,0.0,
75,0
76,6,3,0.5,
77,5,5,1.0,
78,8,8,1.0,
79,40,18,0.45,
80,8,7,0.875,
81,7,3,0.428571428571,
82,14,4,0.285714285714,
83,18,13,0.722222222222,
84,0
85,13,5,0.384615384615,
86,15,13,0.866666666667,
87,28,16,0.571428571429,
88,1,0,0.0,
89,0
90,36,17,0.472222222222,
91,60,9,0.15,
92,19,14,0.736842105263,
93,14,14,1.0,
94,23,19,0.826086956522,
95,9,8,0.888888888889,
96,26,12,0.461538461538,
97,26,19,0.730769230769,
98,27,22,0.814814814815,
99,51,50,0.980392156863,
100,22,17,0.772727272727,
101,60,51,0.85,
102,2,2,1.0,
103,66,64,0.969696969697,
104,33,16,0.484848484848,
105,53,45,0.849056603774,
106,65,60,0.923076923077,
107,37,18,0.486486486486,
108,61,54,0.885245901639,
109,1,0,0.0,
110,21,21,1.0,
111,15,13,0.866666666667,
112,9,9,1.0,
average recall= 0.718967722932