line number,connectivity in gt,connectivity in output,recall
1,30,29,0.966666666667,
2,8,8,1.0,
3,1,0,0.0,
4,24,23,0.958333333333,
5,11,8,0.727272727273,
6,23,21,0.913043478261,
7,10,6,0.6,
8,21,20,0.952380952381,
9,5,5,1.0,
10,25,24,0.96,
11,21,21,1.0,
12,28,26,0.928571428571,
13,26,22,0.846153846154,
14,28,21,0.75,
15,22,22,1.0,
16,30,23,0.766666666667,
17,22,20,0.909090909091,
18,25,21,0.84,
19,24,23,0.958333333333,
20,29,23,0.793103448276,
21,23,22,0.95652173913,
22,24,23,0.958333333333,
average recall= 0.853839630112