line number,connectivity in gt,connectivity in output,recall
1,51,51,1.0,
2,56,52,0.928571428571,
3,20,19,0.95,
4,27,27,1.0,
5,25,21,0.84,
6,24,20,0.833333333333,
7,47,44,0.936170212766,
8,7,7,1.0,
9,32,28,0.875,
10,29,18,0.620689655172,
11,2,0,0.0,
12,26,25,0.961538461538,
13,38,21,0.552631578947,
14,7,7,1.0,
15,5,5,1.0,
16,14,8,0.571428571429,
17,28,15,0.535714285714,
18,34,20,0.588235294118,
19,30,14,0.466666666667,
20,34,20,0.588235294118,
21,33,25,0.757575757576,
22,10,10,1.0,
23,8,6,0.75,
24,36,27,0.75,
25,2,2,1.0,
26,23,21,0.913043478261,
27,35,14,0.4,
28,8,7,0.875,
29,12,11,0.916666666667,
30,44,18,0.409090909091,
31,9,9,1.0,
32,2,2,1.0,
33,2,0,0.0,
34,14,8,0.571428571429,
35,0
36,1,0,0.0,
37,30,16,0.533333333333,
38,9,8,0.888888888889,
39,25,18,0.72,
40,13,13,1.0,
41,34,14,0.411764705882,
42,14,12,0.857142857143,
43,1,0,0.0,
44,31,14,0.451612903226,
45,0
46,14,9,0.642857142857,
47,15,14,0.933333333333,
48,2,0,0.0,
49,15,10,0.666666666667,
50,2,0,0.0,
51,13,13,1.0,
52,2,0,0.0,
53,10,9,0.9,
54,21,14,0.666666666667,
55,3,1,0.333333333333,
56,1,0,0.0,
57,20,13,0.65,
58,3,0,0.0,
59,11,8,0.727272727273,
60,28,28,1.0,
61,26,23,0.884615384615,
62,0
63,19,18,0.947368421053,
64,6,3,0.5,
65,4,3,0.75,
66,3,0,0.0,
67,17,12,0.705882352941,
68,32,18,0.5625,
69,1,0,0.0,
70,30,10,0.333333333333,
71,3,1,0.333333333333,
72,27,17,0.62962962963,
73,2,0,0.0,
74,4,1,0.25,
75,26,20,0.769230769231,
76,6,6,1.0,
77,3,1,0.333333333333,
78,8,8,1.0,
79,34,21,0.617647058824,
80,6,6,1.0,
81,34,26,0.764705882353,
82,22,17,0.772727272727,
83,8,8,1.0,
84,50,49,0.98,
85,10,10,1.0,
86,38,35,0.921052631579,
87,9,9,1.0,
88,3,2,0.666666666667,
89,59,57,0.966101694915,
90,9,8,0.888888888889,
91,0
92,0
93,47,43,0.914893617021,
94,9,8,0.888888888889,
95,2,0,0.0,
96,47,46,0.978723404255,
97,2,0,0.0,
98,10,9,0.9,
99,3,0,0.0,
100,6,4,0.666666666667,
101,9,8,0.888888888889,
102,23,22,0.95652173913,
103,10,10,1.0,
104,15,14,0.933333333333,
105,5,5,1.0,
106,12,11,0.916666666667,
107,7,7,1.0,
108,8,5,0.625,
109,4,4,1.0,
110,4,0,0.0,
111,5,4,0.8,
112,1,0,0.0,
113,1,0,0.0,
114,3,0,0.0,
115,1,0,0.0,
116,12,9,0.75,
average recall= 0.646581014255