line number,connectivity in gt,connectivity in output,recall
1,22,21,0.954545454545,
2,21,21,1.0,
3,48,48,1.0,
4,16,16,1.0,
5,2,2,1.0,
6,7,7,1.0,
7,46,46,1.0,
8,53,50,0.943396226415,
9,46,45,0.978260869565,
10,55,51,0.927272727273,
11,48,46,0.958333333333,
12,44,44,1.0,
13,46,27,0.586956521739,
14,7,3,0.428571428571,
15,13,11,0.846153846154,
16,0
17,55,31,0.563636363636,
18,15,10,0.666666666667,
19,9,9,1.0,
20,50,36,0.72,
21,11,9,0.818181818182,
22,2,2,1.0,
23,61,35,0.573770491803,
24,9,7,0.777777777778,
25,5,0,0.0,
26,3,3,1.0,
27,3,3,1.0,
28,54,24,0.444444444444,
29,4,4,1.0,
30,11,9,0.818181818182,
31,4,4,1.0,
32,4,2,0.5,
33,44,22,0.5,
34,8,8,1.0,
35,2,2,1.0,
36,14,10,0.714285714286,
37,3,3,1.0,
38,33,32,0.969696969697,
39,53,26,0.490566037736,
40,39,38,0.974358974359,
41,35,32,0.914285714286,
42,28,28,1.0,
43,1,0,0.0,
44,32,32,1.0,
45,44,40,0.909090909091,
46,32,27,0.84375,
47,0
48,38,20,0.526315789474,
49,3,3,1.0,
50,1,0,0.0,
51,6,3,0.5,
52,37,25,0.675675675676,
53,3,3,1.0,
54,2,0,0.0,
55,7,5,0.714285714286,
56,38,20,0.526315789474,
57,0
58,0
59,14,9,0.642857142857,
60,8,5,0.625,
61,41,15,0.365853658537,
62,35,23,0.657142857143,
63,34,21,0.617647058824,
64,44,27,0.613636363636,
65,32,30,0.9375,
66,32,28,0.875,
67,34,26,0.764705882353,
68,26,25,0.961538461538,
69,3,3,1.0,
70,31,26,0.838709677419,
71,42,23,0.547619047619,
72,0
73,43,24,0.558139534884,
74,1,0,0.0,
75,49,24,0.489795918367,
76,47,18,0.382978723404,
77,4,4,1.0,
78,36,21,0.583333333333,
79,5,5,1.0,
80,3,3,1.0,
81,35,22,0.628571428571,
82,12,12,1.0,
83,40,29,0.725,
84,15,15,1.0,
85,12,10,0.833333333333,
86,44,43,0.977272727273,
87,5,5,1.0,
88,4,4,1.0,
89,42,42,1.0,
90,7,3,0.428571428571,
91,52,50,0.961538461538,
92,6,3,0.5,
93,48,47,0.979166666667,
94,46,46,1.0,
95,4,3,0.75,
96,8,8,1.0,
97,47,46,0.978723404255,
98,5,5,1.0,
99,10,10,1.0,
average recall= 0.776472470072