line number,connectivity in gt,connectivity in output,recall
1,66,62,0.939393939394,
2,59,51,0.864406779661,
3,56,54,0.964285714286,
4,58,53,0.913793103448,
5,63,62,0.984126984127,
6,54,52,0.962962962963,
7,67,63,0.940298507463,
8,1,1,1.0,
9,34,26,0.764705882353,
10,19,19,1.0,
11,17,16,0.941176470588,
12,26,22,0.846153846154,
13,31,23,0.741935483871,
14,49,23,0.469387755102,
15,5,0,0.0,
16,31,23,0.741935483871,
17,34,19,0.558823529412,
18,2,1,0.5,
19,42,27,0.642857142857,
20,48,31,0.645833333333,
21,39,27,0.692307692308,
22,41,24,0.585365853659,
23,6,5,0.833333333333,
24,8,6,0.75,
25,12,11,0.916666666667,
26,3,2,0.666666666667,
27,7,6,0.857142857143,
28,39,19,0.487179487179,
29,2,2,1.0,
30,12,7,0.583333333333,
31,4,0,0.0,
32,12,10,0.833333333333,
33,2,0,0.0,
34,32,17,0.53125,
35,6,4,0.666666666667,
36,3,3,1.0,
37,8,6,0.75,
38,6,5,0.833333333333,
39,1,0,0.0,
40,5,4,0.8,
41,34,27,0.794117647059,
42,9,8,0.888888888889,
43,35,26,0.742857142857,
44,1,0,0.0,
45,12,8,0.666666666667,
46,16,16,1.0,
47,20,20,1.0,
48,15,15,1.0,
49,30,19,0.633333333333,
50,24,22,0.916666666667,
51,22,22,1.0,
52,36,17,0.472222222222,
53,25,24,0.96,
54,18,6,0.333333333333,
55,30,28,0.933333333333,
56,46,31,0.673913043478,
57,24,23,0.958333333333,
58,38,36,0.947368421053,
59,31,24,0.774193548387,
60,49,32,0.65306122449,
61,3,3,1.0,
62,27,20,0.740740740741,
63,30,19,0.633333333333,
64,3,1,0.333333333333,
65,37,17,0.459459459459,
66,65,56,0.861538461538,
67,66,60,0.909090909091,
68,60,59,0.983333333333,
69,13,12,0.923076923077,
70,67,61,0.910447761194,
71,69,66,0.95652173913,
72,50,20,0.4,
73,53,25,0.471698113208,
74,20,10,0.5,
75,10,8,0.8,
76,44,43,0.977272727273,
77,3,2,0.666666666667,
78,47,42,0.893617021277,
79,8,4,0.5,
80,2,1,0.5,
81,6,6,1.0,
82,0
83,2,2,1.0,
84,3,0,0.0,
85,1,0,0.0,
average recall= 0.714012803217