line number,connectivity in gt,connectivity in output,recall
1,54,52,0.962962962963,
2,86,79,0.918604651163,
3,92,74,0.804347826087,
4,75,67,0.893333333333,
5,93,62,0.666666666667,
6,79,72,0.911392405063,
7,26,13,0.5,
8,0
9,21,17,0.809523809524,
10,29,25,0.862068965517,
11,22,14,0.636363636364,
12,28,24,0.857142857143,
13,31,23,0.741935483871,
14,28,23,0.821428571429,
15,2,0,0.0,
16,28,15,0.535714285714,
17,2,0,0.0,
18,5,0,0.0,
19,33,27,0.818181818182,
20,29,13,0.448275862069,
21,2,2,1.0,
22,33,14,0.424242424242,
23,2,0,0.0,
24,3,2,0.666666666667,
25,4,1,0.25,
26,11,9,0.818181818182,
27,11,7,0.636363636364,
28,31,24,0.774193548387,
29,6,6,1.0,
30,7,6,0.857142857143,
31,8,8,1.0,
32,14,14,1.0,
33,26,24,0.923076923077,
34,13,9,0.692307692308,
35,24,24,1.0,
36,18,14,0.777777777778,
37,26,20,0.769230769231,
38,39,20,0.512820512821,
39,26,20,0.769230769231,
40,9,6,0.666666666667,
41,6,4,0.666666666667,
42,1,0,0.0,
43,27,21,0.777777777778,
44,25,19,0.76,
45,1,1,1.0,
46,4,3,0.75,
47,17,12,0.705882352941,
48,4,4,1.0,
49,2,0,0.0,
50,24,18,0.75,
51,28,18,0.642857142857,
52,20,13,0.65,
53,24,22,0.916666666667,
54,29,23,0.793103448276,
55,38,24,0.631578947368,
56,24,22,0.916666666667,
57,3,0,0.0,
58,27,20,0.740740740741,
59,17,15,0.882352941176,
60,64,58,0.90625,
61,61,56,0.918032786885,
62,58,45,0.775862068966,
63,52,43,0.826923076923,
64,2,1,0.5,
65,4,0,0.0,
66,2,0,0.0,
67,3,1,0.333333333333,
68,3,2,0.666666666667,
69,6,0,0.0,
70,4,1,0.25,
71,2,1,0.5,
average recall= 0.642674378301