line number,connectivity in gt,connectivity in output,recall
1,23,21,0.913043478261,
2,3,0,0.0,
3,32,30,0.9375,
4,27,23,0.851851851852,
5,10,10,1.0,
6,21,15,0.714285714286,
7,3,2,0.666666666667,
8,34,31,0.911764705882,
9,3,0,0.0,
10,9,8,0.888888888889,
11,27,26,0.962962962963,
12,7,6,0.857142857143,
13,28,27,0.964285714286,
14,1,0,0.0,
15,28,27,0.964285714286,
16,0
17,19,19,1.0,
18,1,1,1.0,
19,3,1,0.333333333333,
20,26,23,0.884615384615,
21,2,1,0.5,
22,32,28,0.875,
23,2,2,1.0,
24,21,19,0.904761904762,
25,6,6,1.0,
26,11,10,0.909090909091,
27,21,15,0.714285714286,
28,4,1,0.25,
29,13,12,0.923076923077,
30,8,7,0.875,
31,27,21,0.777777777778,
32,2,0,0.0,
33,11,9,0.818181818182,
34,23,20,0.869565217391,
35,11,10,0.909090909091,
36,23,21,0.913043478261,
37,9,7,0.777777777778,
38,27,20,0.740740740741,
39,13,10,0.769230769231,
40,3,3,1.0,
41,23,19,0.826086956522,
42,12,11,0.916666666667,
43,32,21,0.65625,
44,12,12,1.0,
45,22,21,0.954545454545,
46,10,9,0.9,
47,7,6,0.857142857143,
48,28,25,0.892857142857,
49,8,8,1.0,
50,8,8,1.0,
51,3,3,1.0,
52,8,7,0.875,
53,9,8,0.888888888889,
54,11,9,0.818181818182,
55,5,5,1.0,
56,6,6,1.0,
57,2,2,1.0,
average recall= 0.80290841066