line number,connectivity in gt,connectivity in output,recall
1,10,10,1.0,
2,38,24,0.631578947368,
3,40,26,0.65,
4,46,19,0.413043478261,
5,40,24,0.6,
6,12,12,1.0,
7,16,16,1.0,
8,7,7,1.0,
9,17,12,0.705882352941,
10,12,12,1.0,
11,24,24,1.0,
12,20,20,1.0,
13,24,17,0.708333333333,
14,39,22,0.564102564103,
15,4,4,1.0,
16,1,1,1.0,
17,33,26,0.787878787879,
18,30,21,0.7,
19,21,16,0.761904761905,
20,19,10,0.526315789474,
21,1,1,1.0,
22,34,18,0.529411764706,
23,2,2,1.0,
24,35,25,0.714285714286,
25,2,2,1.0,
26,31,23,0.741935483871,
27,3,3,1.0,
28,4,0,0.0,
29,42,30,0.714285714286,
30,3,3,1.0,
31,6,6,1.0,
32,33,17,0.515151515152,
33,2,0,0.0,
34,48,23,0.479166666667,
35,3,2,0.666666666667,
36,13,9,0.692307692308,
37,15,11,0.733333333333,
38,9,9,1.0,
39,11,10,0.909090909091,
40,35,28,0.8,
41,26,21,0.807692307692,
42,25,17,0.68,
43,34,26,0.764705882353,
44,5,4,0.8,
45,35,20,0.571428571429,
46,24,22,0.916666666667,
47,33,18,0.545454545455,
48,42,29,0.690476190476,
49,1,0,0.0,
50,19,11,0.578947368421,
51,38,25,0.657894736842,
average recall= 0.736430230293