line number,connectivity in gt,connectivity in output,recall
1,14,14,1.0,
2,14,11,0.785714285714,
3,25,24,0.96,
4,23,20,0.869565217391,
5,26,24,0.923076923077,
6,27,25,0.925925925926,
7,27,20,0.740740740741,
8,26,13,0.5,
9,0
10,0
11,25,25,1.0,
12,27,24,0.888888888889,
13,14,14,1.0,
14,50,31,0.62,
15,34,11,0.323529411765,
16,1,1,1.0,
17,3,3,1.0,
18,41,23,0.560975609756,
19,2,2,1.0,
20,6,5,0.833333333333,
21,42,29,0.690476190476,
22,4,4,1.0,
23,4,4,1.0,
24,48,27,0.5625,
25,10,10,1.0,
26,44,27,0.613636363636,
27,9,9,1.0,
28,8,8,1.0,
29,24,13,0.541666666667,
30,51,24,0.470588235294,
31,9,9,1.0,
32,32,24,0.75,
33,7,6,0.857142857143,
34,13,13,1.0,
35,32,18,0.5625,
36,4,0,0.0,
37,7,7,1.0,
38,6,6,1.0,
39,61,23,0.377049180328,
40,9,9,1.0,
41,9,8,0.888888888889,
42,4,4,1.0,
43,7,7,1.0,
44,11,11,1.0,
45,11,11,1.0,
46,29,24,0.827586206897,
47,1,0,0.0,
48,11,10,0.909090909091,
49,2,2,1.0,
50,53,26,0.490566037736,
51,10,10,1.0,
52,6,1,0.166666666667,
53,12,12,1.0,
54,13,5,0.384615384615,
55,6,4,0.666666666667,
56,8,8,1.0,
57,0
58,10,10,1.0,
59,0
60,49,30,0.612244897959,
61,9,9,1.0,
62,21,21,1.0,
63,20,20,1.0,
64,39,21,0.538461538462,
65,14,14,1.0,
66,0
67,3,0,0.0,
68,3,0,0.0,
69,14,14,1.0,
70,4,0,0.0,
71,33,26,0.787878787879,
72,7,2,0.285714285714,
73,21,21,1.0,
74,2,0,0.0,
75,7,6,0.857142857143,
76,34,19,0.558823529412,
77,6,1,0.166666666667,
78,18,17,0.944444444444,
79,2,0,0.0,
80,5,0,0.0,
81,14,14,1.0,
82,34,19,0.558823529412,
83,16,16,1.0,
84,44,22,0.5,
85,22,22,1.0,
86,19,19,1.0,
87,71,29,0.408450704225,
88,12,12,1.0,
89,56,31,0.553571428571,
90,46,16,0.347826086957,
91,2,2,1.0,
92,0
93,29,2,0.0689655172414,
94,2,1,0.5,
95,56,34,0.607142857143,
96,14,13,0.928571428571,
97,4,0,0.0,
98,4,0,0.0,
99,42,22,0.52380952381,
100,0
101,19,17,0.894736842105,
102,26,10,0.384615384615,
103,20,17,0.85,
104,7,5,0.714285714286,
105,18,14,0.777777777778,
106,19,17,0.894736842105,
107,12,5,0.416666666667,
108,16,15,0.9375,
109,11,11,1.0,
110,6,6,1.0,
average recall= 0.71174997963