line number,connectivity in gt,connectivity in output,recall
1,22,18,0.818181818182,
2,23,21,0.913043478261,
3,47,42,0.893617021277,
4,59,55,0.932203389831,
5,2,2,1.0,
6,14,13,0.928571428571,
7,93,87,0.935483870968,
8,103,96,0.932038834951,
9,93,79,0.849462365591,
10,104,94,0.903846153846,
11,98,88,0.897959183673,
12,36,21,0.583333333333,
13,44,15,0.340909090909,
14,1,0,0.0,
15,1,0,0.0,
16,31,25,0.806451612903,
17,6,3,0.5,
18,12,7,0.583333333333,
19,29,23,0.793103448276,
20,44,20,0.454545454545,
21,9,9,1.0,
22,4,0,0.0,
23,60,16,0.266666666667,
24,23,15,0.652173913043,
25,5,0,0.0,
26,35,21,0.6,
27,52,16,0.307692307692,
28,3,3,1.0,
29,3,1,0.333333333333,
30,17,14,0.823529411765,
31,24,13,0.541666666667,
32,26,19,0.730769230769,
33,21,15,0.714285714286,
34,45,20,0.444444444444,
35,1,1,1.0,
36,24,21,0.875,
37,3,0,0.0,
38,31,23,0.741935483871,
39,26,24,0.923076923077,
40,34,32,0.941176470588,
41,34,21,0.617647058824,
42,21,21,1.0,
43,18,10,0.555555555556,
44,31,21,0.677419354839,
45,34,23,0.676470588235,
46,31,24,0.774193548387,
47,37,18,0.486486486486,
48,0
49,38,19,0.5,
50,17,15,0.882352941176,
51,12,8,0.666666666667,
52,12,11,0.916666666667,
53,10,4,0.4,
54,25,20,0.8,
55,2,0,0.0,
56,20,14,0.7,
57,25,19,0.76,
58,28,22,0.785714285714,
59,32,22,0.6875,
60,5,5,1.0,
61,51,47,0.921568627451,
62,50,49,0.98,
63,49,41,0.836734693878,
64,13,12,0.923076923077,
65,11,10,0.909090909091,
66,61,58,0.950819672131,
67,12,10,0.833333333333,
68,10,9,0.9,
69,49,45,0.918367346939,
70,62,58,0.935483870968,
71,17,14,0.823529411765,
average recall= 0.696864461798