line number,connectivity in gt,connectivity in output,recall
1,22,22,1.0,
2,86,86,1.0,
3,76,75,0.986842105263,
4,84,83,0.988095238095,
5,35,35,1.0,
6,4,4,1.0,
7,40,23,0.575,
8,5,5,1.0,
9,5,5,1.0,
10,38,22,0.578947368421,
11,9,9,1.0,
12,44,25,0.568181818182,
13,55,17,0.309090909091,
14,2,0,0.0,
15,5,0,0.0,
16,1,0,0.0,
17,31,23,0.741935483871,
18,2,1,0.5,
19,21,20,0.952380952381,
20,5,5,1.0,
21,4,0,0.0,
22,3,1,0.333333333333,
23,35,28,0.8,
24,10,10,1.0,
25,7,2,0.285714285714,
26,29,25,0.862068965517,
27,36,29,0.805555555556,
28,33,17,0.515151515152,
29,3,3,1.0,
30,42,30,0.714285714286,
31,47,20,0.425531914894,
32,25,11,0.44,
33,2,0,0.0,
34,15,14,0.933333333333,
35,30,22,0.733333333333,
36,33,19,0.575757575758,
37,21,21,1.0,
38,24,22,0.916666666667,
39,18,18,1.0,
40,2,2,1.0,
41,6,6,1.0,
42,22,13,0.590909090909,
43,30,16,0.533333333333,
44,4,0,0.0,
45,17,13,0.764705882353,
46,6,1,0.166666666667,
47,43,15,0.348837209302,
48,52,28,0.538461538462,
49,55,24,0.436363636364,
50,40,13,0.325,
51,40,27,0.675,
52,40,31,0.775,
53,9,9,1.0,
54,11,11,1.0,
55,32,23,0.71875,
56,8,8,1.0,
57,42,31,0.738095238095,
58,46,18,0.391304347826,
59,13,1,0.0769230769231,
60,13,10,0.769230769231,
average recall= 0.656496447639