line number,connectivity in gt,connectivity in output,recall
1,21,21,1.0,
2,3,1,0.333333333333,
3,5,4,0.8,
4,23,23,1.0,
5,10,8,0.8,
6,3,3,1.0,
7,8,4,0.5,
8,8,8,1.0,
9,5,4,0.8,
10,8,4,0.5,
11,10,7,0.7,
12,6,0,0.0,
13,9,7,0.777777777778,
14,5,4,0.8,
15,9,9,1.0,
16,25,24,0.96,
17,0
18,19,17,0.894736842105,
19,3,3,1.0,
20,19,19,1.0,
21,1,1,1.0,
22,1,0,0.0,
23,7,4,0.571428571429,
24,4,3,0.75,
25,20,20,1.0,
26,5,3,0.6,
27,23,20,0.869565217391,
28,4,3,0.75,
29,2,2,1.0,
30,25,25,1.0,
31,6,6,1.0,
32,22,21,0.954545454545,
33,23,21,0.913043478261,
34,3,3,1.0,
35,2,2,1.0,
36,8,7,0.875,
37,22,17,0.772727272727,
38,12,11,0.916666666667,
39,28,17,0.607142857143,
40,12,12,1.0,
41,21,19,0.904761904762,
42,12,12,1.0,
43,20,17,0.85,
44,12,12,1.0,
45,14,13,0.928571428571,
46,18,16,0.888888888889,
47,3,3,1.0,
48,6,0,0.0,
49,2,2,1.0,
50,24,23,0.958333333333,
51,2,2,1.0,
52,2,1,0.5,
53,3,0,0.0,
54,23,23,1.0,
55,2,2,1.0,
56,2,2,1.0,
57,5,4,0.8,
58,4,4,1.0,
59,24,22,0.916666666667,
60,12,11,0.916666666667,
61,20,20,1.0,
62,9,8,0.888888888889,
63,35,31,0.885714285714,
64,19,17,0.894736842105,
65,23,15,0.652173913043,
66,31,21,0.677419354839,
67,23,22,0.95652173913,
68,17,13,0.764705882353,
69,19,18,0.947368421053,
70,12,10,0.833333333333,
71,5,3,0.6,
72,20,19,0.95,
73,18,17,0.944444444444,
74,20,19,0.95,
75,18,14,0.777777777778,
76,23,22,0.95652173913,
77,18,16,0.888888888889,
78,13,13,1.0,
79,21,20,0.952380952381,
80,16,12,0.75,
81,26,24,0.923076923077,
82,8,4,0.5,
83,22,20,0.909090909091,
84,9,7,0.777777777778,
85,12,11,0.916666666667,
86,6,5,0.833333333333,
87,8,8,1.0,
88,9,4,0.444444444444,
89,5,0,0.0,
90,11,0,0.0,
91,10,10,1.0,
92,14,14,1.0,
93,8,7,0.875,
94,10,10,1.0,
95,8,7,0.875,
96,13,10,0.769230769231,
97,8,8,1.0,
98,10,5,0.5,
99,6,6,1.0,
average recall= 0.813309731092