line number,connectivity in gt,connectivity in output,recall
1,3,0,0.0,
2,19,15,0.789473684211,
3,11,11,1.0,
4,53,50,0.943396226415,
5,54,54,1.0,
6,59,58,0.983050847458,
7,34,33,0.970588235294,
8,13,12,0.923076923077,
9,26,24,0.923076923077,
10,4,4,1.0,
11,13,13,1.0,
12,38,38,1.0,
13,55,53,0.963636363636,
14,20,20,1.0,
15,17,15,0.882352941176,
16,20,14,0.7,
17,28,24,0.857142857143,
18,24,18,0.75,
19,40,29,0.725,
20,38,26,0.684210526316,
21,2,0,0.0,
22,9,9,1.0,
23,46,27,0.586956521739,
24,5,5,1.0,
25,38,23,0.605263157895,
26,2,1,0.5,
27,43,23,0.53488372093,
28,2,0,0.0,
29,10,8,0.8,
30,2,2,1.0,
31,57,17,0.298245614035,
32,10,10,1.0,
33,5,4,0.8,
34,41,27,0.658536585366,
35,5,0,0.0,
36,1,0,0.0,
37,14,14,1.0,
38,37,23,0.621621621622,
39,12,12,1.0,
40,17,17,1.0,
41,32,26,0.8125,
42,17,16,0.941176470588,
43,44,21,0.477272727273,
44,51,25,0.490196078431,
45,19,19,1.0,
46,24,24,1.0,
47,25,25,1.0,
48,23,23,1.0,
49,24,24,1.0,
50,35,18,0.514285714286,
51,26,21,0.807692307692,
52,29,21,0.724137931034,
53,45,7,0.155555555556,
54,54,17,0.314814814815,
55,11,11,1.0,
56,48,17,0.354166666667,
57,40,21,0.525,
58,38,15,0.394736842105,
59,0
60,28,14,0.5,
61,7,5,0.714285714286,
62,3,0,0.0,
63,5,3,0.6,
64,4,0,0.0,
65,8,7,0.875,
66,32,24,0.75,
67,11,0,0.0,
68,45,18,0.4,
69,4,4,1.0,
70,7,4,0.571428571429,
71,8,6,0.75,
72,2,2,1.0,
73,31,13,0.41935483871,
74,2,2,1.0,
75,10,7,0.7,
76,8,8,1.0,
77,1,1,1.0,
78,0
79,38,26,0.684210526316,
80,1,0,0.0,
81,2,2,1.0,
82,44,27,0.613636363636,
83,2,2,1.0,
84,53,51,0.962264150943,
85,7,7,1.0,
86,4,4,1.0,
87,48,46,0.958333333333,
88,56,53,0.946428571429,
89,5,0,0.0,
90,3,3,1.0,
91,51,51,1.0,
92,3,3,1.0,
93,53,53,1.0,
94,9,8,0.888888888889,
95,45,45,1.0,
96,9,8,0.888888888889,
97,2,0,0.0,
average recall= 0.718260712692