line number,connectivity in gt,connectivity in output,recall
1,13,8,0.615384615385,
2,9,9,1.0,
3,12,11,0.916666666667,
4,8,7,0.875,
5,12,9,0.75,
6,28,28,1.0,
7,12,10,0.833333333333,
8,7,7,1.0,
9,12,10,0.833333333333,
10,11,10,0.909090909091,
11,12,12,1.0,
12,11,8,0.727272727273,
13,7,7,1.0,
14,13,11,0.846153846154,
15,26,24,0.923076923077,
16,5,4,0.8,
17,8,8,1.0,
18,9,9,1.0,
19,29,25,0.862068965517,
20,22,18,0.818181818182,
21,19,16,0.842105263158,
22,10,8,0.8,
23,15,13,0.866666666667,
24,8,6,0.75,
25,10,10,1.0,
26,12,9,0.75,
27,4,1,0.25,
28,9,9,1.0,
29,7,7,1.0,
30,1,0,0.0,
31,10,10,1.0,
32,23,23,1.0,
33,3,2,0.666666666667,
34,1,0,0.0,
35,9,8,0.888888888889,
36,13,8,0.615384615385,
37,24,19,0.791666666667,
38,13,12,0.923076923077,
39,15,14,0.933333333333,
40,26,23,0.884615384615,
41,0
42,3,3,1.0,
43,19,11,0.578947368421,
44,12,12,1.0,
45,21,17,0.809523809524,
46,20,17,0.85,
47,19,18,0.947368421053,
48,5,3,0.6,
49,14,6,0.428571428571,
50,8,5,0.625,
51,19,13,0.684210526316,
52,10,9,0.9,
53,14,11,0.785714285714,
54,63,33,0.52380952381,
55,19,17,0.894736842105,
56,57,47,0.824561403509,
57,7,6,0.857142857143,
58,44,40,0.909090909091,
59,10,10,1.0,
60,21,19,0.904761904762,
61,13,13,1.0,
62,25,19,0.76,
63,22,18,0.818181818182,
64,7,7,1.0,
65,7,7,1.0,
66,24,18,0.75,
67,9,8,0.888888888889,
68,24,22,0.916666666667,
69,11,11,1.0,
70,13,10,0.769230769231,
71,30,27,0.9,
72,4,4,1.0,
73,17,15,0.882352941176,
74,16,13,0.8125,
75,20,17,0.85,
76,14,12,0.857142857143,
77,28,24,0.857142857143,
78,11,10,0.909090909091,
79,21,19,0.904761904762,
80,11,9,0.818181818182,
81,9,8,0.888888888889,
82,32,23,0.71875,
83,20,19,0.95,
84,7,7,1.0,
85,22,21,0.954545454545,
86,25,25,1.0,
87,25,23,0.92,
88,4,4,1.0,
89,16,14,0.875,
90,23,22,0.95652173913,
91,7,7,1.0,
92,28,22,0.785714285714,
93,9,7,0.777777777778,
94,11,11,1.0,
95,24,21,0.875,
96,24,19,0.791666666667,
97,12,11,0.916666666667,
98,24,19,0.791666666667,
99,16,13,0.8125,
100,0
101,10,9,0.9,
102,7,7,1.0,
103,22,20,0.909090909091,
104,13,12,0.923076923077,
105,5,5,1.0,
106,19,18,0.947368421053,
107,14,13,0.928571428571,
108,9,8,0.888888888889,
109,12,12,1.0,
110,12,11,0.916666666667,
111,9,9,1.0,
112,10,7,0.7,
113,13,12,0.923076923077,
114,9,6,0.666666666667,
115,11,11,1.0,
116,4,4,1.0,
117,5,4,0.8,
118,10,10,1.0,
119,13,9,0.692307692308,
120,10,8,0.8,
121,2,0,0.0,
average recall= 0.844537486743