line number,connectivity in gt,connectivity in output,recall
1,16,14,0.875,
2,16,14,0.875,
3,14,13,0.928571428571,
4,10,7,0.7,
5,12,11,0.916666666667,
6,40,31,0.775,
7,12,9,0.75,
8,2,2,1.0,
9,15,12,0.8,
10,43,42,0.976744186047,
11,48,45,0.9375,
12,50,43,0.86,
13,41,39,0.951219512195,
14,4,4,1.0,
15,8,6,0.75,
16,47,39,0.829787234043,
17,44,43,0.977272727273,
18,48,45,0.9375,
19,1,0,0.0,
20,26,16,0.615384615385,
21,1,0,0.0,
22,34,29,0.852941176471,
23,32,29,0.90625,
24,29,14,0.48275862069,
25,37,22,0.594594594595,
26,26,20,0.769230769231,
27,30,22,0.733333333333,
28,39,21,0.538461538462,
29,49,29,0.591836734694,
30,38,24,0.631578947368,
31,27,26,0.962962962963,
32,28,25,0.892857142857,
33,3,1,0.333333333333,
34,6,4,0.666666666667,
35,18,15,0.833333333333,
36,18,16,0.888888888889,
37,2,2,1.0,
38,18,18,1.0,
39,3,0,0.0,
40,33,26,0.787878787879,
41,2,2,1.0,
42,2,2,1.0,
43,3,3,1.0,
44,31,21,0.677419354839,
45,3,3,1.0,
46,1,1,1.0,
47,29,23,0.793103448276,
48,2,0,0.0,
49,4,2,0.5,
50,35,26,0.742857142857,
51,2,0,0.0,
52,2,1,0.5,
53,33,25,0.757575757576,
54,4,2,0.5,
55,4,3,0.75,
56,35,24,0.685714285714,
57,76,71,0.934210526316,
58,80,64,0.8,
59,2,0,0.0,
60,31,29,0.935483870968,
61,85,72,0.847058823529,
62,80,58,0.725,
63,6,5,0.833333333333,
64,15,13,0.866666666667,
65,27,21,0.777777777778,
66,77,59,0.766233766234,
67,70,54,0.771428571429,
68,28,21,0.75,
69,35,26,0.742857142857,
70,64,55,0.859375,
71,33,29,0.878787878788,
72,26,17,0.653846153846,
73,31,28,0.903225806452,
74,28,18,0.642857142857,
75,20,13,0.65,
76,15,12,0.8,
77,9,7,0.777777777778,
78,6,4,0.666666666667,
79,3,3,1.0,
average recall= 0.739390001211