line number,connectivity in gt,connectivity in output,recall
1,18,17,0.944444444444,
2,20,20,1.0,
3,20,20,1.0,
4,25,25,1.0,
5,21,20,0.952380952381,
6,20,20,1.0,
7,20,18,0.9,
8,26,24,0.923076923077,
9,9,9,1.0,
10,21,21,1.0,
11,11,11,1.0,
12,4,4,1.0,
13,10,9,0.9,
14,23,23,1.0,
15,14,12,0.857142857143,
16,25,25,1.0,
17,9,8,0.888888888889,
18,24,24,1.0,
19,10,10,1.0,
20,20,20,1.0,
21,11,11,1.0,
22,24,22,0.916666666667,
23,11,11,1.0,
24,21,21,1.0,
25,21,20,0.952380952381,
26,10,9,0.9,
27,26,26,1.0,
28,10,10,1.0,
29,26,24,0.923076923077,
30,11,11,1.0,
31,20,20,1.0,
32,7,7,1.0,
33,19,19,1.0,
34,9,9,1.0,
35,20,19,0.95,
36,11,11,1.0,
37,30,27,0.9,
38,9,9,1.0,
39,26,25,0.961538461538,
40,10,10,1.0,
41,11,11,1.0,
42,10,9,0.9,
43,5,5,1.0,
44,6,6,1.0,
45,9,5,0.555555555556,
46,7,6,0.857142857143,
47,8,8,1.0,
48,6,5,0.833333333333,
49,7,6,0.857142857143,
50,8,7,0.875,
51,9,9,1.0,
52,9,5,0.555555555556,
53,13,11,0.846153846154,
54,2,2,1.0,
average recall= 0.94721261249